1000
2
929 -158
-685 -632
941 451
914 -260
-30 683
600 468
-717 142
-157 -647
831 914
584 -470
918 849
311 -553
-929 -253
698 -825
867 280
357 -639
515 -910
486 446
-216 -306
310 321
-658 -233
412 254
-937 -957
-447 821
-908 601
-806 491
646 626
389 -234
-366 234
900 150
-932 60
-123 -450
-237 -503
531 -97
590 -545
-627 608
-21 972
-109 -941
292 71
418 -826
509 604
-448 978
359 -867
310 878
-675 -964
-763 367
-4 567
919 68
-320 770
170 798
-553 251
502 -725
-490 -565
11 -636
398 -917
781 -787
918 232
94 879
-723 -292
-702 -179
-485 968
681 891
-492 353
628 976
-513 533
858 -327
-301 324
-607 -512
-498 -409
232 360
-54 55
-297 -177
661 205
170 501
99 167
834 103
-429 167
514 23
507 -835
-240 439
135 992
-849 -291
-893 942
61 -308
558 773
868 -91
-741 -174
137 -565
-62 -749
-977 -383
-326 452
-676 565
588 387
-378 -981
57 686
-669 844
203 541
-475 -915
308 -244
378 408
496 459
-99 -552
-833 -462
-543 346
826 -46
-696 247
651 -528
76 -646
992 659
-844 533
-115 868
-787 -785
923 -636
-991 -802
549 -21
634 -614
737 791
-832 -802
-201 -912
-481 114
600 544
-138 -377
821 -643
-637 -323
-473 -580
-709 20
-728 812
738 257
159 -797
99 -219
-711 -891
706 2
244 -137
-299 995
26 623
-197 -29
-849 788
-521 -725
-754 -220
-633 854
-521 834
-166 427
-901 236
805 -314
889 872
-19 -751
-22 461
-325 292
800 666
-262 -204
-778 499
560 670
-221 -356
-517 104
-193 958
-808 98
-737 -340
884 238
912 -279
150 513
-881 -173
-531 -16
-294 389
642 945
-970 -345
-914 675
-663 478
298 908
463 -937
295 -287
-99 325
94 -437
-408 -540
489 422
-623 249
373 181
-633 320
-264 -905
251 -303
560 -98
-838 -519
858 430
551 712
-27 -437
-129 462
-107 -725
-388 673
17 -723
21 176
635 -268
589 613
288 7
-243 -21
623 754
65 -294
-299 -102
878 927
751 -916
100 945
244 -622
174 334
-585 172
-398 350
-59 -278
-540 240
688 622
-611 -962
-549 -833
-659 949
-545 302
-129 -538
-378 -194
846 -756
-140 -464
-631 -485
809 -337
959 -696
-123 -304
-778 -757
-484 768
-183 -812
189 860
-476 -202
205 -906
422 -316
-557 471
-766 589
-407 89
-363 372
-152 787
15 -891
-829 -393
-476 -908
602 -610
-942 440
857 443
460 755
-23 164
157 -859
-526 845
-83 600
926 -429
93 87
42 969
-537 431
-23 677
248 -134
358 -59
-209 121
-266 -462
975 498
-925 7
770 293
826 -385
592 -723
-803 -49
-477 -276
-330 576
359 560
-727 337
442 -733
-787 -957
307 119
-12 -399
558 878
430 961
807 -427
781 601
-332 792
397 195
-605 768
-939 887
488 98
0 456
-41 153
809 -949
219 -107
235 292
718 42
610 -256
153 874
-635 659
-521 698
773 -255
-943 186
-21 745
-665 867
957 336
425 -587
0 307
-58 -856
-881 -187
363 333
-916 867
-858 621
43 -31
-807 513
636 -166
635 943
444 975
-701 728
319 -223
37 -91
945 -507
297 568
600 765
-93 827
-136 116
650 197
-834 -703
-734 799
-654 -100
-219 -589
662 799
606 525
-880 764
-202 -431
53 346
-167 328
313 -755
255 -186
-417 -450
-137 433
-970 -434
968 792
-666 653
-788 -220
-256 -5
-604 389
-21 668
-322 219
903 149
840 -348
-895 -88
475 427
-462 768
-155 441
95 -963
885 349
-165 -123
966 -125
-398 -766
402 629
332 -351
78 -508
396 -315
333 -249
-644 93
-744 123
998 -209
-658 -204
-935 30
122 315
763 901
338 444
-620 -200
-263 663
-79 -732
963 -880
-688 -832
711 -673
289 -352
-248 -397
-619 -977
-144 79
-36 -810
-759 -707
179 262
-548 718
-231 948
165 141
-497 993
-420 107
234 30
-470 -339
648 -140
965 -17
460 -858
-313 775
168 -871
-785 -128
812 653
759 -211
635 226
-479 637
188 772
-955 862
-150 -619
-375 -483
-678 795
-643 186
-155 7
-812 225
197 638
-59 63
391 -596
399 -93
277 -145
-933 932
-863 240
-361 390
61 440
308 -307
-185 33
639 113
436 -688
937 124
62 389
-350 -148
-789 672
221 462
557 -280
-154 -92
-819 -228
-468 551
-693 468
-438 -140
-120 387
54 890
-86 568
750 411
36 -782
887 -221
275 181
915 -82
-519 -900
352 -543
-422 668
343 -969
390 727
-865 -844
-491 338
-552 0
335 -565
688 143
-312 -756
561 342
350 199
-987 -889
204 -888
-227 -695
831 -961
-998 -130
-76 664
-152 234
-79 40
540 727
-356 -805
569 816
-58 -784
-929 33
-649 -714
443 118
-54 -991
-695 533
-318 697
214 833
-617 973
476 10
-515 -458
834 -799
-462 15
531 171
-623 525
-426 -835
-818 323
152 33
366 -658
93 877
-149 180
288 -119
295 883
358 311
271 -97
890 679
-583 65
418 107
-528 360
-762 -266
214 -522
-100 157
-83 733
323 -187
540 -775
-300 -113
324 -400
-168 -198
683 666
665 -193
-488 -220
226 -280
164 -720
81 -480
739 -827
-471 -142
-364 -486
-762 -405
879 -151
291 -762
-42 -10
278 412
89 -513
294 570
87 -852
442 -213
44 -994
987 -559
-563 -998
-789 -622
-781 -716
-873 -464
-191 -651
-104 -723
-269 197
527 802
255 878
543 -558
865 -35
945 -248
-616 47
-723 -471
392 -864
-813 -128
50 -653
60 -948
722 909
-31 -139
-214 923
342 524
482 -986
40 360
-305 411
-701 290
172 104
-476 -564
-912 544
509 -544
-515 -259
-116 781
375 712
-282 -196
472 -364
-211 217
366 820
408 818
-116 183
-961 -335
-339 706
-152 -116
-460 808
-606 -934
643 64
-141 432
775 -642
-218 -327
538 -625
-207 -357
617 -193
510 97
-246 -903
-568 105
580 -451
898 -517
-345 -514
342 -692
-123 912
667 871
537 637
-666 456
723 -649
979 -280
28 -623
768 -998
176 -368
-691 399
-601 250
-187 86
497 -122
651 -426
579 3
-363 523
68 524
-821 152
-777 495
-728 291
357 -754
-10 8
-621 -306
-10 -816
-705 -705
-891 -604
701 344
121 -137
859 388
393 -487
165 -981
630 64
758 -442
977 892
-999 812
730 -215
225 -951
979 342
55 674
-41 942
602 -887
-545 -100
-4 164
801 373
149 438
690 300
477 453
171 -253
-507 163
332 -768
-834 -885
251 959
321 -431
459 189
781 924
964 -629
538 -614
162 -317
856 865
160 -219
-967 -454
-759 -697
725 -206
-32 -251
689 -738
-582 -130
104 -817
259 229
-937 -979
229 146
-276 579
-901 -530
-21 -104
-615 138
-754 -878
-590 -8
-707 284
-622 -558
-915 674
270 942
-437 692
77 11
390 -443
-2 493
71 -527
-110 914
-753 240
-20 200
705 -655
747 -820
-460 -490
-584 717
129 822
280 399
-166 450
-589 -541
895 152
-836 621
-789 -193
-716 976
-668 -821
241 -359
147 22
-896 -879
862 451
457 113
475 58
-874 659
720 717
868 578
968 -365
717 -96
571 504
26 -781
-645 -781
-203 -461
-733 49
-939 945
878 420
-398 -377
-409 -418
-335 700
-66 823
296 278
-950 -490
684 -823
118 676
708 169
-305 896
-108 -878
-892 169
-646 -430
325 655
-339 -619
796 -115
-764 -214
976 653
79 353
413 -585
998 -364
-425 -733
-171 342
-71 141
527 -661
636 -705
-800 -48
-644 816
-281 104
-887 -935
43 -893
-329 610
-649 -98
-583 -235
810 579
350 -272
-64 64
824 423
-792 742
491 -343
472 300
123 949
-632 -849
194 174
-401 -173
-732 -382
-575 -473
789 517
-858 990
-516 -627
-893 562
-117 -609
-974 984
794 604
-607 -152
-814 457
-386 -4
-88 617
-797 -287
990 -854
-336 181
-406 820
-876 -613
-404 -136
-908 498
10 -922
522 892
262 527
-821 117
-839 -633
554 -5
810 35
67 988
-782 709
651 924
-324 357
-413 -193
492 869
-980 -42
-904 -537
335 -208
206 410
52 117
459 513
414 990
562 924
-425 70
385 927
113 -769
-207 -898
-877 -392
560 160
-325 61
215 802
482 81
-791 -137
-745 85
99 424
-30 -967
780 601
597 -715
468 -44
-898 -487
-855 -262
-823 323
596 -661
886 -443
367 -604
-736 -610
445 -347
-780 760
-766 -58
281 -193
-343 -642
307 937
498 -186
166 688
480 230
-531 -247
469 754
941 569
733 -71
-828 627
-268 796
-262 -142
370 -332
195 193
578 803
-265 404
-588 -246
-827 469
543 908
-589 85
-224 80
103 -378
-543 -858
283 -637
-32 -815
-697 -74
563 -982
-799 830
-412 285
-526 -998
61 -940
-818 -584
-190 -91
-791 -746
-776 -983
568 454
-417 -292
207 560
928 -127
-136 -127
389 -902
516 -901
-135 -818
310 188
-781 -518
867 682
-626 714
-468 927
595 -23
-25 -560
537 -548
-208 73
-455 524
-926 -305
346 -78
-141 278
-97 834
219 -677
-882 431
-369 155
545 -134
392 768
-750 -214
-740 -643
-816 266
-985 248
-154 -345
311 605
445 998
62 961
-783 -746
263 -536
-748 -953
-732 214
-803 -779
-716 -186
-664 768
-608 96
-366 -262
-368 -584
-565 -119
-498 912
785 -752
406 -59
111 713
-632 -914
-576 383
-846 957
827 -434
413 -733
115 370
-374 818
-668 221
244 799
975 -614
-660 508
-485 -308
-207 -163
-853 -689
368 638
-196 249
965 477
-196 610
241 -866
-692 901
-238 -5
-678 510
516 484
742 662
-299 -687
371 -86
-412 236
61 864
664 670
194 790
-330 165
-402 165
-95 709
-155 -931
-281 770
116 -185
485 -928
-152 492
-142 -691
-751 -713
-952 211
-420 -492
-365 -352
307 -197
913 -188
871 -228
-85 219
-520 -667
527 -624
518 -811
481 -354
487 539
-789 -532
363 480
-74 385
-576 648
-803 655
647 -414
-650 -382
-673 46
331 -350
788 663
33 620
405 113
-693 -475
906 361
81 -533
359 -88
-927 -231
618 77
497 983
-760 510
50 960
-349 -531
92 57
-203 -898
-170 513
-639 203
-490 714
-959 976
847 858
307 -181
865 -1000
-673 81
842 -585
589 -562
154 -349
-120 -809
-485 495
503 497
-543 86
-872 -324
534 664
342 105
430 915
284 785
-162 -287
-219 92
632 -307
-366 245
629 593
578 491
704 -749
11 644
271 -950
901 -172
-113 462
-880 562
733 -266
262 489
-290 784
994 -515
-552 -741
304 -550
209 -300
-226 -426
-716 854
-950 -898