800
2
1.136985 -0.545401
1.499484 -0.847029
-0.447042 0.626119
-1.405446 1.136260
-3.560571 1.275970
0.213590 -0.325640
3.048865 -1.641131
-2.270232 0.481325
2.522905 -0.903032
3.381366 -1.555330
0.367851 0.064331
0.356807 -0.535643
-3.418102 1.203361
-1.985603 1.272301
2.289123 -1.432336
3.137956 -1.257254
-0.377378 0.061055
-1.772390 1.225601
-3.770263 1.555829
-2.539825 1.370219
-3.366990 1.341732
-1.410266 0.122641
0.280202 -0.490980
-1.004432 -0.038750
1.202018 -0.338930
0.189213 -0.582790
0.277746 -0.018473
1.487937 -0.842748
0.265232 0.010920
-1.209321 0.529210
3.075841 -1.562353
-3.197212 1.248515
1.878399 -0.964672
3.506043 -1.700531
-0.263123 0.214274
-2.586177 1.096383
-2.355003 1.069566
2.873247 -1.490938
2.992003 -0.982775
-1.450048 0.476160
2.708062 -1.080446
2.256148 -1.148286
0.042525 0.464457
1.819801 -1.185287
-2.355068 0.613904
1.130662 -0.211821
0.156125 0.428510
-0.909021 -0.083328
-0.797647 0.126385
-0.399837 -0.029720
2.750269 -1.125095
-3.524778 1.251715
2.248635 -0.887780
-0.697773 -0.153260
-0.310720 0.410313
-2.935300 1.491899
1.919244 -0.876109
-0.612585 -0.158994
-2.565773 1.387954
-3.205005 1.066273
2.219573 -1.410843
-2.635997 1.288815
1.442189 -0.634336
-1.501455 0.653909
1.077143 -0.196819
-3.573793 1.465791
1.967779 -0.813869
-3.186987 1.569706
-1.896284 0.743468
-1.860109 1.284116
0.948695 -0.722109
1.540473 -0.768531
0.459524 -0.485244
-1.529558 0.234293
2.021877 -1.121048
1.772902 -0.973569
3.121229 -1.573947
2.138068 -1.218631
1.128258 -0.064163
-3.557860 1.671649
1.987582 -0.933124
-3.364275 1.487016
-2.169993 1.311663
1.396734 -0.888158
-1.061603 0.024188
-0.333340 -0.017113
0.744082 -0.392237
2.838192 -1.160716
-2.895123 0.928391
3.096875 -1.632206
-0.774428 0.144671
2.553567 -0.846914
2.391443 -0.819982
-0.426045 0.179938
1.385279 -0.857635
0.699758 -0.510300
0.692338 -0.814834
1.669450 -0.486081
-2.837475 1.175551
-1.480889 0.533215
-1.936629 1.171436
0.841844 -0.074389
2.391317 -1.321393
-0.595715 -0.239434
2.469100 -1.391223
0.585458 -0.638456
0.864166 -0.474984
0.407865 -0.451492
3.627680 -1.658622
0.130354 -0.288105
0.337706 0.400937
-2.774757 1.275399
-2.229946 1.427753
-0.646453 0.406716
-0.875949 0.743739
-0.777266 0.171090
-1.421252 0.050471
-0.208078 0.061966
3.436663 -1.428023
2.401270 -1.406213
3.627888 -1.477702
0.521688 -0.064274
0.555800 0.136201
-1.817983 0.888268
-2.546690 1.436984
2.369405 -1.146202
-1.896220 1.289338
0.172708 -0.327019
0.269833 -0.418700
1.192824 -0.363817
-0.216587 -0.127843
-2.415261 0.595751
2.536093 -1.303704
2.878436 -1.258079
0.104385 -0.271716
-3.059697 0.991553
-2.387340 1.301738
1.079096 -0.767643
-2.797484 1.166100
-0.548915 0.601408
1.076153 -0.456075
-1.903282 0.829031
-0.556298 0.041054
1.510667 -0.745606
-1.545274 0.475726
2.497675 -1.103708
-0.572107 0.139532
3.301542 -1.646904
3.573304 -1.697731
-1.111395 0.082650
-0.183642 0.495860
-2.041484 0.705035
-1.877381 0.297746
-2.367220 0.968141
-1.205412 0.582047
3.184424 -1.133562
-1.160518 0.157991
1.324047 -0.342474
-1.672725 0.420808
1.210477 -0.496415
-0.918619 0.219701
3.607894 -1.336600
3.817960 -1.617527
-2.178023 0.606351
-0.920525 0.425643
1.855425 -0.722048
0.848552 -0.024512
-3.214713 1.122718
0.413135 -0.212468
-0.345973 0.032775
1.432254 -0.490081
3.140518 -1.288715
-2.802510 1.456454
2.506470 -0.761300
0.312334 0.268858
0.100758 -0.485808
1.499475 -0.398236
1.608011 -1.130411
-1.347230 0.724548
-3.016776 1.447204
-0.999658 0.213749
2.366020 -1.016975
2.821786 -0.991996
3.384272 -1.318515
-1.035205 0.372222
0.593529 -0.820478
-1.677597 1.165935
-1.640727 1.023342
-1.850809 1.053143
2.285976 -1.153800
-0.185769 -0.252841
-2.526275 1.241164
-0.242863 -0.325181
-2.703209 1.484479
-0.994611 0.930370
2.627400 -0.840756
0.766839 -0.671960
1.680749 -0.231045
2.635950 -1.273949
1.036082 -0.752846
3.548468 -1.288173
2.662411 -0.733437
0.362346 0.289355
0.161565 0.404874
2.346340 -0.700137
1.079504 -0.670844
0.254243 0.220209
0.316016 -0.541598
-0.343801 -0.138775
3.461715 -1.308520
-1.691001 0.761517
-0.125604 -0.231780
1.013050 -0.232517
0.748592 -0.576580
2.208167 -0.723034
2.160871 -0.949991
1.748163 -1.244418
-2.554290 1.102782
1.403631 -0.731079
-1.678623 1.214195
2.594416 -1.529948
2.112886 -1.116837
1.280207 -0.574076
1.341007 -0.338582
0.414880 0.204006
3.006288 -1.233124
0.880714 -0.645745
1.470211 -0.210044
1.425222 -1.054773
-0.093701 0.321528
-0.865899 0.520443
1.690386 -0.511547
-0.339137 -0.192295
2.181404 -0.715195
-2.649987 1.243760
0.307746 -0.298222
1.379025 -0.801931
-0.506007 0.743864
0.411984 -0.253740
-2.995307 0.907812
-0.843501 0.850383
-0.330269 -0.277610
-2.716174 1.325611
-1.251085 0.745644
-2.498239 1.183026
-2.916817 1.607067
-2.614781 1.286609
-0.593969 0.672885
1.340094 -0.765304
-2.702434 1.074616
0.572920 -0.706368
2.964210 -1.437650
-0.150455 -0.313440
0.398686 -0.525953
-1.512350 0.085919
-0.501979 0.298234
-0.426480 -0.381564
3.098529 -0.981691
2.613313 -0.743399
-1.223943 0.500537
-1.899244 0.893314
0.780953 -0.654091
2.367177 -1.329563
-0.787391 0.144888
-3.135385 1.483111
0.476767 -0.018391
-1.401766 1.023460
-1.569377 1.005227
-2.559474 1.429743
-2.761380 1.438093
2.404009 -1.444366
1.460663 -1.133460
-0.605425 0.588417
1.530763 -0.199922
1.705880 -0.766818
0.676604 -0.297988
-1.131920 0.962879
2.218213 -0.678895
1.220266 -0.141526
0.568984 0.324995
2.466809 -0.760483
3.026478 -1.192418
0.102510 -0.599068
-3.058162 1.547602
-1.894669 0.445188
-1.181622 0.677668
-0.263830 0.401898
1.560085 -0.143664
-0.637995 0.241188
-2.661479 1.021933
-1.430298 0.490389
-1.003217 -0.151862
2.531643 -1.387809
-0.283473 0.541283
2.321525 -0.769127
0.295614 -0.263443
2.665022 -0.840213
-0.681953 0.220847
-0.401590 0.020633
-0.793272 0.749038
-1.057918 0.536031
2.908533 -1.529622
-3.176601 1.097161
2.122220 -0.499174
-0.958524 0.582215
0.406516 0.312542
0.546307 -0.653301
3.649086 -1.722398
0.185316 0.404688
-3.436299 1.346052
-1.469938 0.282151
-0.701484 -0.084913
3.546361 -1.472055
1.050884 -0.378234
-0.773888 0.508901
-1.421426 0.718396
-1.968722 0.604901
-1.054269 0.965350
0.285946 -0.656084
-0.850272 0.288501
-2.138255 1.087356
-2.696639 1.266973
1.529338 -0.334344
2.739879 -1.394277
-0.777287 -0.133770
1.205243 -0.240058
-1.444198 0.932403
0.484347 -0.209670
3.835413 -1.695121
0.521911 -0.451048
-1.135325 0.565258
1.256063 -0.838728
-1.680882 0.637823
-1.935648 1.109392
-2.180187 1.015887
2.500339 -0.608501
-1.435643 1.134645
-0.891662 0.388650
-0.933633 0.887159
-0.829706 0.064511
-0.070400 0.419573
1.866138 -0.444592
-3.506144 1.694548
-1.278164 0.871242
-3.694044 1.373021
-0.698601 -0.018045
-1.800581 1.175627
0.269731 0.374735
-2.569565 0.883609
-3.168395 1.210709
-1.045626 0.901923
-1.598230 0.609246
-0.326052 0.345691
-0.084440 -0.564119
1.615441 -0.674501
0.489796 -0.283654
-1.425960 0.991388
-1.603045 1.180059
3.173701 -1.276430
1.033900 -0.226082
0.369644 -0.515230
-1.562059 0.985119
3.532407 -1.240894
-1.357156 0.456703
-3.525019 1.359098
3.126386 -1.351056
-0.022063 0.377297
-0.420007 0.430508
2.149771 -1.115279
1.518474 -0.982885
0.146570 -0.268714
2.948551 -1.322328
1.760667 -0.830413
2.398026 -0.954726
-2.932386 1.148288
1.792073 -0.874565
0.622693 -0.570412
-1.990375 0.477266
-0.654230 0.567009
3.514433 -1.403356
-3.407737 1.148938
1.944687 -1.233468
2.276307 -0.994915
-1.692341 1.088506
-0.871912 0.510617
0.939815 -0.947376
-0.542135 -0.328845
2.391668 -0.605252
1.931360 -0.734814
2.975362 -1.320664
-0.154495 0.151728
-0.997025 0.778797
-1.048065 0.734561
1.521457 -0.579814
0.664034 -0.046624
2.261890 -1.127470
-0.838184 0.483727
2.943999 -1.340999
-1.595525 1.000959
-2.055070 1.251551
-0.878629 0.091888
0.466927 0.532603
-0.706572 0.176093
3.061752 1.506057
-2.500583 -1.300001
-1.573459 -1.116905
-1.636545 -0.833398
2.681997 0.818498
-2.478818 -1.493215
-3.442094 -1.265452
0.074796 0.207234
1.073385 0.774436
-0.504134 0.144513
-2.522534 -1.370011
2.974716 1.329531
2.133345 0.475572
1.545346 0.924719
1.769591 0.726866
1.149773 0.484042
3.078794 1.060300
1.388341 0.752083
2.061865 0.667369
1.888161 1.131410
-1.319114 -0.350662
1.599818 1.085078
-1.292115 -0.175250
0.969019 0.226699
0.827970 0.862836
1.072189 0.354989
-2.096066 -0.927011
-1.854910 -0.713840
-0.638819 -0.694312
-1.060462 -0.525391
-1.647154 -0.405651
0.359848 0.337385
1.257256 0.472210
0.803736 0.854433
1.943854 0.942081
-2.944929 -1.349113
-3.731725 -1.703501
-1.884159 -0.523181
-1.451674 -1.057338
1.287797 1.024380
-1.323330 -0.217534
-3.055241 -1.157961
1.275241 0.501948
-0.818487 -0.909753
-0.255030 0.149697
-1.941281 -0.898320
-3.056036 -1.025059
1.247466 0.151361
0.815129 -0.168668
-0.786512 -0.688055
2.036253 0.835110
-0.752205 -0.323089
0.100325 -0.449950
-1.951078 -1.074021
2.502253 0.929044
2.221483 1.254088
0.197708 -0.060010
1.746152 0.529093
-3.375473 -1.321335
-3.229891 -1.289353
-1.165776 -0.603847
0.994033 0.570906
0.094499 0.221448
-0.108730 -0.096028
2.452781 0.928489
-1.336756 -0.121170
-0.580542 0.258465
2.803452 1.101589
-1.243890 -0.470867
-2.019974 -0.486255
-0.734395 -0.489586
-1.011173 -0.269068
-0.488035 -0.032137
-0.368621 -0.373734
-1.572747 -0.707405
-0.715843 -0.542638
0.234431 0.434609
0.838720 0.040312
-1.384755 -0.763445
-0.151478 -0.363343
2.792155 0.801945
-1.426771 -0.146344
-2.629307 -0.912182
-1.414993 -0.455935
1.358967 0.389805
-0.548892 -0.374530
-2.820926 -0.809065
-1.497395 -0.180016
-2.458868 -1.273801
2.070487 0.977601
-1.258012 -0.678312
1.191409 0.936969
2.323902 0.498331
-1.350760 -0.702582
-0.901891 -0.107485
-2.329714 -0.857000
0.161731 -0.093383
-3.230094 -1.363255
1.351403 0.248592
-0.894078 0.203240
-0.324270 0.241040
-2.428019 -0.729400
1.050370 0.269296
0.804562 -0.011379
1.563202 0.674964
-3.356917 -1.326391
-2.594289 -0.696201
-1.302117 -0.253179
-0.987963 -0.887975
-1.134988 -0.751453
2.192220 1.199316
-2.256844 -0.524236
1.084456 0.022641
2.136448 1.011291
-1.353744 -0.314661
-2.626822 -1.093845
-1.810981 -0.487203
2.310745 0.911819
-2.505901 -1.282256
-2.788438 -1.460656
1.669805 0.996204
1.524383 0.324444
1.372824 0.554755
-0.589173 -0.272031
2.079031 0.823608
-1.431115 -0.344217
-2.876306 -1.007843
2.595120 0.659184
0.260155 -0.469756
-2.431616 -1.180332
-1.703801 -0.581198
-2.019609 -1.271016
-1.368624 -1.053520
3.066307 1.076330
1.089925 -0.031815
-1.220476 -0.567168
-2.272322 -0.602944
-2.582852 -1.181417
0.110048 0.322070
-1.058716 -0.539603
1.516438 0.144749
0.705427 0.069874
0.992782 0.605713
-2.993366 -1.089007
3.380747 1.191342
2.798229 1.209476
2.830132 0.935782
1.136503 0.319820
-0.894550 -0.945237
-0.939799 -0.811698
2.099694 0.506827
0.478712 0.113000
-0.143368 -0.599499
-2.717079 -1.449840
-0.482235 -0.008170
-2.755858 -1.256355
1.408002 0.325816
-2.588739 -0.890891
1.749338 1.001886
0.801547 0.703080
0.757312 0.545074
1.632650 0.856102
0.513173 0.181212
3.618397 1.366322
0.055752 0.508451
-0.730821 -0.875395
0.816731 0.550686
2.852520 1.571642
-2.419315 -1.400747
-2.396047 -0.737317
-0.559599 0.153585
-0.752480 -0.597783
-0.255555 0.411473
-0.517350 -0.492976
-0.040945 -0.169078
3.078872 1.063946
1.521549 0.206620
0.353474 -0.356048
1.191564 0.945017
-1.743796 -0.451158
0.838017 0.704247
1.555981 0.167022
-2.004052 -0.702091
2.320035 0.566731
-2.119590 -1.312175
-3.354355 -1.205667
-1.934423 -0.506324
-1.461579 -0.191461
3.465342 1.698176
2.602367 1.093719
-0.614557 -0.145448
-1.840933 -1.254906
0.098066 -0.435258
-1.414131 -0.877893
-3.620957 -1.298330
-0.266516 -0.393051
2.956026 1.410834
1.028637 -0.007091
1.183708 0.171058
-0.391455 0.053697
-0.398235 -0.240100
-2.335560 -1.132151
-1.626487 -0.745119
2.831276 0.920624
-0.121208 -0.415577
-1.060488 -0.971162
2.677839 1.433061
-0.968011 -0.834881
-1.511203 -0.733557
1.891649 0.284385
-1.778542 -0.602543
-3.699643 -1.652984
1.486745 0.455935
0.803794 -0.007711
0.803899 0.210168
-3.107665 -1.254990
-1.640083 -0.728091
0.392930 0.052894
-3.047216 -1.482819
-0.896439 -0.050755
-3.134242 -1.238999
-2.285411 -1.082051
1.825587 1.150402
0.390594 0.099293
-1.837053 -1.269720
1.069239 -0.062016
0.868959 0.865647
3.458704 1.554648
-2.152314 -0.734667
0.130562 0.525812
-2.342970 -0.705433
1.197729 0.899232
-1.730712 -0.895228
0.105909 -0.254252
2.538670 1.168670
-0.715876 -0.565020
2.288705 1.368664
-3.304302 -1.699773
-0.364989 -0.240778
0.833742 0.770212
0.338694 0.311487
2.745322 1.486029
0.262174 0.705487
0.451384 0.050685
-3.390510 -1.165387
-0.331864 -0.202190
-0.228282 -0.590805
-2.732110 -0.821933
1.511685 1.006874
-2.175364 -0.458626
2.160571 1.369474
-0.157696 -0.540311
1.083494 0.603147
-0.568699 -0.504891
-0.044938 0.237101
-0.797744 -0.329033
-1.079095 -0.348253
-1.676315 -0.309587
-0.519380 0.357978
0.054605 -0.334185
2.494987 1.017606
2.114814 1.387037
0.024389 -0.573190
-1.489730 -1.062970
-3.881520 -1.615188
1.535300 1.114327
-1.856011 -0.979312
-0.161868 -0.555672
1.643470 0.845680
-0.907767 -0.086414
-1.580300 -1.094918
1.179658 0.098993
-1.023263 -0.078397
-2.419374 -1.296869
1.184571 0.010620
-2.606973 -0.872041
-0.431381 -0.621922
-0.832692 -0.789869
-2.458591 -1.236571
0.872369 0.257891
3.288038 1.443434
-1.660919 -1.239353
-1.810199 -0.536009
2.303239 0.493591
1.394619 0.866490
1.461018 0.095188
2.545400 0.965221
1.569962 0.358278
-1.626447 -0.556800
0.850217 0.189234
1.472971 0.373687
2.672952 0.818036
2.539606 1.426667
3.253081 1.362340
0.181895 0.128817
1.717377 0.237613
3.750743 1.581062
3.328529 1.271189
0.406321 0.063597
1.534912 0.928470
0.283939 -0.382402
-3.156284 -1.491526
1.841105 0.800533
-1.998502 -0.788370
1.276561 0.987634
1.784621 0.438519
-0.106122 0.429002
1.844730 0.844131
-0.078156 0.219405
3.221826 1.584899
2.545837 1.420155
3.769234 1.549551
1.108390 0.564755
1.213785 0.685382
-0.658885 -0.436196
-1.713172 -0.392348
-0.726058 -0.065931
3.593619 1.642543
0.201474 -0.101699
0.608336 0.170850
-0.272731 -0.560497
3.430317 1.420852
0.796468 0.646490
0.727339 0.077560
1.957090 0.999830
0.193521 0.354717
-0.931624 0.012664
1.755880 0.233953
-0.907263 0.073908
-1.244208 -0.518311
-0.023354 0.365285
-0.803064 -0.403936
-2.613803 -1.236460
-1.938316 -1.072458
-1.051523 -1.018725
3.403804 1.566529
-2.712030 -1.103640
3.624652 1.631633
1.104439 0.319886
-1.646552 -0.415112
-3.077087 -0.960123
2.319536 0.523290
3.074018 1.107032
-1.801528 -1.138751
-1.329613 -0.272322
-2.216681 -0.460892
-0.685224 -0.471744
2.986759 1.025350
-2.606205 -0.825472
1.446045 0.106753
-1.504788 -0.332107
0.514544 0.729614
-0.526360 -0.763419
-2.139714 -0.988324
2.547230 1.283585
3.413642 1.155383
2.610166 1.288533
2.071163 0.736790
1.884302 0.418290
-0.578946 -0.592326
0.842078 0.859250
-0.683743 -0.658617
2.726767 1.103146
3.236056 1.413614
3.833265 1.668347
1.769261 0.953130
-1.157012 0.033686
-1.490600 -0.163852
-3.548595 -1.275191
-0.684956 -0.308172
2.022606 1.028175
2.554422 0.782059
1.874551 0.923001
-0.090338 0.249713
3.080612 1.114864
-2.875186 -1.380067
-2.004466 -1.185092
-0.676645 -0.760586
0.361835 0.033523
2.269580 0.889985
0.118856 -0.352758
-1.916712 -0.800069
-3.301830 -1.375493
-1.480658 -1.128321
-2.067105 -0.890584
-2.527871 -1.396924
0.954208 0.568418
0.100395 -0.506453
1.235512 0.401138
1.496800 1.027256
1.811290 0.993959
3.255993 1.568112
-2.371790 -1.216610
1.276646 0.164990
-3.361710 -1.633349
2.320772 0.979398
0.014605 0.408371