2000
2
-3.456816 -1.002315
-6.640238 -7.547283
3.950399 -3.529107
0.350438 -4.642921
-0.523496 8.084486
-5.011012 7.350645
-4.738605 7.564207
-5.083388 7.380704
10.447138 -5.399948
5.990242 -0.237642
6.197469 1.602754
11.128401 -4.471214
10.780952 -4.447959
-5.982144 -8.116057
1.110030 -10.673494
-0.593234 -10.802642
-5.272223 -8.732740
-4.236778 -9.593457
1.203377 7.692825
-5.388941 7.130385
4.578078 5.744025
-3.764339 7.555992
12.521527 0.153167
-6.631684 -7.656692
5.594102 3.608980
-6.300550 -8.047940
-5.862686 -8.593746
11.253119 -3.374441
3.371072 -10.244715
-5.660945 6.749983
0.443512 7.774367
6.070161 0.992431
2.454734 7.395193
-9.899654 -1.585016
-5.640306 6.623897
9.282509 -6.496308
3.636849 -10.370788
-4.777609 7.469118
0.720209 -10.612630
8.992307 -7.273795
3.012401 -10.408513
8.567024 -7.351910
-3.236794 -1.717926
-7.558711 5.126831
5.391023 4.000241
1.650270 7.545093
-2.959753 -10.062504
9.267886 -7.030423
-6.156207 -8.456113
-8.117500 4.444130
0.418267 -10.687518
-8.307451 4.072741
4.669512 5.764601
4.643253 -10.231983
10.925522 -4.511761
1.345497 -11.018967
-7.914524 -6.220075
6.111467 -0.022237
12.037518 -1.267953
-8.359056 -5.636257
-9.463513 0.749375
1.128384 -10.686532
-9.563597 0.572363
-6.813201 5.700961
1.528289 7.935036
-0.600099 7.903908
1.739469 -10.572748
-0.377283 -4.232867
0.415288 7.748615
3.543692 6.664530
-8.086182 -6.197404
-3.678550 7.825743
-8.471048 -5.184864
-9.360778 1.547165
3.279993 -10.449172
5.690464 2.698069
5.982788 -0.668867
-8.781467 -4.850048
-8.919609 2.435358
-7.429169 -6.688541
-6.294006 6.433904
10.887367 -4.169314
3.339148 6.500164
-9.899017 -1.468941
-0.886461 8.008772
3.009556 -10.675141
-0.588760 8.230868
4.440684 -2.761680
-8.855434 3.832198
-7.643610 5.231684
9.253195 -6.808079
-6.300062 -7.925086
4.706609 5.261519
5.584467 4.250541
-6.855514 -7.273592
-6.513257 -8.107578
-1.756292 -10.314393
3.770500 -10.191771
-9.195060 2.877606
3.694807 -10.258091
5.117371 -1.489403
6.683414 -9.161304
-2.229705 7.957175
-8.219923 4.096624
10.725818 -4.795297
2.714660 -10.613535
-7.390964 -6.787614
-3.430288 -0.586557
9.933941 -5.780483
6.135955 -9.299665
-9.433379 -3.547518
-1.831353 -10.193745
0.079804 -10.751148
2.894381 -10.474640
-7.351738 -6.930493
-0.140455 -4.675941
1.021156 -10.750440
11.706969 -2.348172
2.094186 -4.129039
-9.430983 -1.956319
4.905268 -10.160436
-7.297497 5.611314
-1.993525 -10.280289
8.375177 -7.974332
5.257209 -2.055897
5.078476 4.609288
-9.529861 -2.349821
-9.890289 -1.752664
-1.026036 8.072074
-6.651626 6.156919
5.594861 3.270776
-7.563441 5.031497
6.064561 -0.270033
1.602670 -10.871919
-3.862453 -9.788700
3.265621 6.283380
12.113298 -1.205292
11.775634 -1.635708
-6.633344 -7.942154
11.239683 -3.932753
12.009783 -2.090637
-1.825924 8.195587
-2.830974 -10.222949
7.905786 -8.579054
9.934115 -6.031389
-1.895407 -10.649014
-7.375174 -7.087639
-8.943135 2.294778
11.884662 -2.506627
-2.684774 -10.092680
-7.161624 -7.385940
-8.508826 3.420455
-4.025032 -9.631589
-8.793485 -5.171693
-2.282831 7.952989
-9.847078 -0.585420
2.713956 -4.128440
-7.897021 -6.343007
9.290373 -6.967646
3.049449 7.018166
-9.405431 2.087389
-9.238661 1.569801
-2.105172 8.060186
-3.429695 -9.878790
4.468510 -2.674022
7.405950 -8.415744
-8.824013 -5.231745
-5.850647 6.513711
-8.107895 -5.931601
5.514197 -9.525091
-5.471189 6.729541
-0.969049 -4.323121
4.606752 -2.923607
-1.744509 8.039098
11.793196 -2.707953
-5.457288 7.105564
-7.314234 5.718016
-9.320537 1.301890
5.153083 -10.018499
7.935992 -8.085562
5.726852 -0.274639
-9.703879 -0.507871
5.973860 -0.462508
-8.882779 2.868819
-2.907407 7.869179
12.407116 -0.559890
-7.154009 -7.642103
5.451944 -1.846442
-0.242176 -4.181145
5.807012 0.381113
2.629487 -10.744933
6.068634 1.931883
9.480874 -6.540197
3.144744 -10.521742
-7.479383 5.065854
-9.541209 -2.783338
-9.546130 -1.500534
5.985959 -9.481681
5.816606 2.191334
5.218807 4.398448
-9.267223 -2.712024
0.648122 -10.889807
3.041358 6.617488
11.335839 -3.687554
11.113007 -4.586751
-3.453518 0.868040
4.407593 -10.136278
3.532245 -10.533919
11.829866 -2.174130
-6.638004 6.182847
1.307968 -10.943862
-7.078031 6.053591
-9.656546 -1.140351
-0.931678 -10.508786
-9.025075 2.581576
-9.153510 2.511588
-9.137022 -3.987052
-5.685201 -8.871448
8.907346 -7.626901
12.267873 -0.042855
-1.497908 8.185490
5.815027 -9.650930
-5.716386 6.781312
4.689795 -2.414896
5.007698 -9.949738
-7.421161 -6.680725
12.243759 -0.583604
4.549834 -2.759294
2.327290 -10.415349
7.921381 -8.268809
-1.597840 -10.323129
8.777724 -7.767285
2.896913 6.721901
5.319141 4.051469
9.264522 -6.646277
5.774085 3.947161
-4.909630 7.439477
2.258906 7.249100
3.695217 6.644593
-7.646202 4.896706
-3.859240 -9.931781
-1.934758 8.400329
-4.097622 -9.602093
10.891107 -4.714575
11.927790 -1.981285
-9.135624 2.248080
4.601358 -10.185707
-3.656526 7.882224
6.193493 -0.054066
6.114683 1.106600
-8.589850 -4.962684
-9.805790 0.548255
-9.511533 -1.216495
-8.926920 3.307287
-4.361354 -9.268783
-3.726142 7.786683
5.351476 -9.652868
-4.602599 -9.275589
-7.868905 -6.583621
11.443322 -3.359875
11.327561 -3.633274
-8.996279 2.180373
2.016610 -10.667482
5.870439 -0.664930
-4.789771 -9.190157
11.424423 -3.685000
-9.394995 2.034761
-2.696091 8.152106
11.996499 -2.075555
5.629323 3.214416
5.302873 4.649842
-2.338186 8.259085
4.552645 -10.236040
5.002620 -2.102654
3.197227 6.534964
-0.011841 -10.782169
-9.023941 -4.910122
4.180477 5.577620
5.960665 1.062762
10.782084 -4.863746
5.605029 -1.490189
-1.324620 -3.920897
12.014666 -1.868366
-1.607993 -4.035496
-9.033123 -4.703509
3.042218 -10.447708
9.725915 -6.348594
5.592784 4.181346
-7.117299 -7.405106
-5.551930 -9.122014
11.881707 -1.175207
-9.684569 -0.844262
6.063130 0.576486
-9.969465 -0.642707
5.708901 3.570323
-3.299782 -1.729501
-9.083858 2.022104
2.184205 -4.316276
-2.669981 -10.239329
3.741166 6.599340
-5.293167 7.293682
7.536983 -8.235363
-3.044809 -2.431729
6.052326 1.711035
11.493907 -3.786565
-3.738050 -1.274262
7.051151 -8.950368
8.109720 -8.203591
9.485451 -6.470317
-7.989799 -6.351918
-1.745139 7.958298
5.602218 -9.725797
1.744974 -10.949072
9.492552 -6.886855
-6.183433 -7.889302
1.309291 7.579200
8.386084 -8.015463
4.140816 -3.194211
4.237050 -10.247042
10.694432 -4.800564
0.119430 -4.500491
3.810928 6.316881
-9.595714 0.313947
-0.997043 -10.611103
-3.723248 7.682983
6.047452 0.809601
6.521214 -9.344549
6.210331 1.079521
6.157181 0.581191
-1.571531 7.901741
-0.418900 8.133702
6.023145 0.108260
-7.480691 -6.772029
2.511598 -10.407022
-4.615465 7.551381
8.667134 -7.524690
4.703856 5.663342
2.345937 -10.764034
6.773454 -9.285294
5.237873 4.526296
-9.611257 0.290413
-9.230801 2.158479
-8.547245 -5.275873
0.555432 7.830488
3.615660 -10.467621
-9.490860 -1.597400
3.255284 -4.133943
1.962587 -10.667996
-2.816139 -2.613972
-9.731228 -0.061272
2.485833 7.085784
-3.459207 -10.236813
6.144122 2.462485
12.038473 -1.564441
-5.465058 7.275174
11.650080 -3.082882
3.250822 -3.653461
-4.591148 7.529350
-9.323192 -3.906595
-6.179938 -8.250235
-2.444182 -10.339384
-5.336440 -9.029096
-9.483713 -3.565401
-9.494915 -2.159460
8.108501 -7.733913
-1.817664 7.942029
-9.048476 -3.414681
-1.348231 7.937569
-9.690863 -0.403122
5.248123 -1.970027
2.008406 7.659768
-9.162901 1.720259
-9.409250 -2.301111
-1.349021 -10.724557
2.911538 -4.116571
4.610576 -2.499544
5.405253 4.230050
0.777137 -4.470518
0.840795 7.913862
2.069492 7.338741
4.639425 -2.477472
-0.575298 8.289205
-4.957593 7.078600
6.259842 1.371592
10.641607 -4.767070
12.080123 -0.623663
1.913620 7.522203
0.350810 -4.505841
4.325689 5.801212
5.811631 -9.505501
-1.604070 -10.657074
11.675329 -1.987191
-8.911438 -4.463005
9.740166 -6.005729
2.096649 -4.429499
-1.208470 -10.364792
1.897141 -10.720060
8.972814 -7.401002
4.750792 -3.067908
-1.103560 8.336665
-6.134390 -8.455421
5.634988 -1.524048
6.237049 -0.182892
6.282446 -9.421656
-8.362274 -6.260839
-6.627251 -7.646186
5.180817 4.416955
-5.563834 7.090498
-2.792113 -2.853697
-2.926157 -2.577889
3.754634 -3.543809
-8.661393 -4.971937
9.074428 -7.264273
2.849521 -10.388143
5.834703 2.142758
2.458328 7.152229
-8.287014 4.379370
-3.971552 7.738085
9.183060 -7.128818
-6.422707 6.080474
11.918312 -1.540218
-1.193308 -10.773465
5.025295 -10.108084
-9.687768 -0.683339
8.824993 -7.359346
-9.292105 2.478127
5.989833 0.988490
-3.264161 7.745665
-6.046664 -8.511309
-1.183965 -10.445481
-7.840065 5.223832
1.484945 -4.686597
-9.651114 -0.281794
11.357252 -3.694145
-1.566392 -3.649151
4.177473 5.930962
-2.069792 -10.698058
11.653508 -2.572495
3.181106 -3.914892
12.168014 -1.379378
11.631122 -2.476295
5.262474 -1.959649
-9.693349 0.618490
11.702131 -2.448194
3.623997 6.309113
-3.184733 -10.102351
-1.516732 -10.532691
8.064655 -8.359645
-3.448241 8.075653
8.867725 -7.138395
2.188748 7.061214
-0.281854 8.117921
8.792640 -7.659688
-6.936409 -7.735670
4.393030 -10.307016
-7.483735 -7.057463
-7.373479 5.663041
-1.080187 -10.724933
11.196881 -4.154914
-5.826150 6.815701
1.452172 -4.468793
-9.241485 -3.490514
-3.442947 7.858554
11.151658 -4.434195
5.562702 3.347556
-7.838514 -6.295861
0.847126 7.876971
6.171321 1.542843
5.210946 -2.468562
-9.661023 1.049078
-2.408320 -10.188483
7.962704 -8.381176
-6.856679 5.764672
-7.244265 -7.280477
5.166130 4.698702
3.577469 6.479583
-8.319341 4.040833
0.708323 -10.902453
-9.604153 1.676290
-4.936758 6.984354
-6.027318 -8.411189
8.553924 -7.678593
-9.643017 -3.293795
-2.711484 8.053371
0.810850 7.833176
4.734591 -10.091428
-2.471414 -3.129753
-8.408781 -5.487091
-9.709183 0.013374
11.731580 -1.992821
3.000432 -10.449491
10.686346 -5.248383
-8.665218 4.089166
-6.924532 -7.657943
-1.392708 -10.470077
12.143243 -1.642536
5.500309 -0.954193
5.027303 4.778812
5.201294 4.914980
10.749322 -4.659165
4.355544 -10.131470
-9.623960 -0.559785
3.080569 -10.572974
4.862633 4.779326
11.827543 -1.786996
7.377899 -8.755621
-7.251580 5.536726
-3.255743 -9.912430
8.804051 -7.468826
-6.693768 6.303238
-7.049380 -7.616583
-9.367630 -2.459634
3.010803 -4.130329
5.450201 4.278048
-9.417491 0.525684
6.611827 -9.022356
8.093797 -8.316480
-2.412157 8.331727
-8.287500 4.390124
0.496275 -4.510765
3.620543 6.295888
-5.161393 -9.094466
-9.443199 0.582610
5.700498 3.929464
5.936951 -0.044294
7.234771 -8.751765
-3.276469 7.697272
-8.839867 3.715585
5.066870 4.751252
-3.742540 -10.020890
-0.012723 7.869170
-1.726948 -3.708919
-3.284824 -10.296389
7.912557 -8.183869
-9.270033 -3.545719
5.402870 3.901735
3.466011 -10.508410
-7.608246 -6.948234
-9.426997 0.756550
5.204650 5.058587
-9.646624 -0.619801
5.869182 -9.594451
12.161443 -0.943728
0.132022 -10.904638
8.190874 -7.690480
12.249121 -0.613112
4.715279 -9.842397
9.757294 -6.012417
5.343079 -1.935648
-3.439288 -0.004760
7.808645 -8.254335
0.284271 -4.351536
-9.073466 2.558670
0.775375 -4.539048
-6.163330 -8.165584
-9.434759 1.365318
-9.809654 -1.451829
-0.106909 8.090568
-8.125146 -6.159244
4.069373 -3.445149
12.112045 -0.890446
-0.246335 8.343687
-1.046210 -10.403426
11.415506 -3.115467
4.693185 5.366909
4.518408 5.550782
-3.392170 0.081217
1.930721 -4.568025
-2.960967 -10.241664
0.389100 -10.612386
-9.209245 -3.363887
-3.404640 -0.710196
10.371419 -5.429371
-3.167442 -10.181472
5.503698 -9.484824
-3.195155 -1.642187
2.679649 -10.750775
-5.815109 6.543228
-5.466721 7.059964
-7.364430 -7.161417
-9.006617 -4.037483
3.122755 -4.186605
-1.355740 8.364889
11.710534 -2.188893
-5.796613 -8.580388
4.551732 -2.381708
-1.781577 -3.721169
-8.571121 -5.180953
-9.562139 -0.764872
6.047688 0.629689
1.310018 7.867024
-3.550790 8.019967
-8.647163 3.663838
-8.706694 4.052760
4.892765 5.388155
6.632033 -9.285516
3.048237 6.948997
1.292669 -10.937394
10.211240 -5.824196
11.406277 -3.039744
5.436163 -1.489978
8.716168 -7.533519
4.490959 -10.335777
-4.051064 7.662788
-9.373261 -2.902809
5.557506 3.728973
-1.510968 7.980381
-9.228436 -3.704223
-0.183867 8.320807
4.590718 -10.138094
3.344361 -4.083713
5.834125 3.186552
-9.430246 1.452275
-6.050571 6.402787
-7.640119 5.534871
7.479857 -8.284418
-2.611906 -2.944615
-0.243803 7.840439
-4.066739 -9.557076
-8.769287 -5.334681
-6.024125 -8.398908
6.989976 -8.721538
-6.405863 -8.070184
0.461711 8.008871
-9.327048 -4.012686
2.152863 7.389214
-2.301868 -10.471035
-2.477923 -2.995116
-9.224008 -4.616840
12.317041 -1.070308
7.285225 -8.789748
0.911432 -10.746112
-7.251657 5.364312
-3.189241 8.111931
-4.228242 -9.362436
-4.602423 -9.329605
2.386837 -4.229970
2.963204 -3.892329
12.235685 -0.288855
12.289829 0.081718
1.138872 -10.907664
-9.723430 -2.654788
-0.827088 8.289633
9.735441 -6.433473
6.840965 -8.898103
-3.392039 -10.089884
-6.913237 -7.368364
-0.085429 8.203978
1.793439 7.728256
-9.393880 -2.935393
1.369102 7.570502
6.069739 -9.392047
4.256959 -10.190159
1.666992 -4.547427
11.666078 -2.285011
-9.177825 2.441173
-9.823515 -0.508660
-8.970167 -4.872815
6.592145 -9.290260
-9.526215 0.889961
-6.948168 -7.465748
1.905122 -10.965956
-3.769962 -9.531216
1.728164 -10.770629
-9.201536 -2.932560
3.770159 6.428511
0.746822 8.048541
1.171705 7.843613
-2.890862 7.810393
6.415151 -9.270363
12.158473 -0.621971
12.297134 -1.575354
11.996599 -1.357348
9.100306 -7.130322
-9.346803 -3.470479
-9.485175 -2.833685
-2.565437 8.197475
-1.822007 -10.583335
-4.519359 7.582407
-7.996172 -6.456575
-2.995960 7.819174
-9.164347 2.292059
-3.021468 8.068890
-1.143508 -10.471337
-3.438395 -2.099305
3.869925 -10.470401
4.208702 5.566069
5.975885 0.376438
-9.532250 1.150015
2.910726 7.069266
5.585386 -0.996795
4.821863 5.438483
-9.242263 1.642617
12.210817 0.117519
5.796134 3.171205
-7.143376 -7.607549
-2.827286 8.239839
-6.263042 -7.897200
-2.934416 -10.307348
9.518337 -6.732843
2.173880 -10.550421
0.560816 -11.009305
-5.679920 -8.802154
-5.643331 6.964990
-1.814258 8.041423
-9.538222 -0.967966
-9.683212 0.912055
-9.503056 -3.752746
-8.914827 3.048614
-0.478503 8.018879
11.749530 -2.893307
-5.645736 6.974550
6.222548 0.624056
-1.151441 -4.100534
-4.344122 7.480845
-0.531502 -4.492962
-3.405232 -2.025324
5.892394 1.698585
11.729231 -3.271974
9.372652 -6.977331
1.962623 -10.652987
2.936501 6.885556
0.370984 -10.827975
1.714047 -10.803329
-9.722262 -0.957446
-1.826335 -10.611784
-1.133737 -4.056629
-6.874874 5.926894
-0.614653 7.965105
-8.605991 -5.198862
-5.013210 7.396182
-0.844408 7.972300
4.240393 -3.158131
-9.639129 -2.585165
3.889374 -10.216382
3.255650 6.812271
6.258779 1.040248
-5.036867 -9.135916
-7.171493 5.663107
6.149157 1.369639
-9.879447 0.127559
-8.244534 -5.788817
5.798712 0.192028
-8.652954 3.336870
6.226155 2.113758
4.885589 -2.238215
5.990596 0.884345
-7.174657 -7.368768
-9.104940 -3.571982
-8.281692 -5.306136
-7.706805 5.052104
5.366631 -9.453721
12.154320 -1.046957
-6.529265 6.213212
10.590319 -5.182199
-7.835464 4.382452
12.283170 -1.717254
-3.817973 7.918771
-6.637889 -7.792936
-9.316746 2.637897
4.802063 -2.082195
2.368957 -4.286497
8.910948 -6.892696
-3.925902 7.638991
-7.312664 5.707657
4.630522 -2.572558
5.406659 -1.472211
6.008667 -9.662128
9.470745 -6.428671
-0.631237 -10.898549
5.785588 3.814052
4.452169 -9.939318
4.211573 -2.994676
9.762775 -6.008544
11.533420 -2.575991
1.418642 -10.564625
4.107635 -10.230483
-7.638788 5.153044
2.969752 -4.336790
2.166337 -10.852912
-2.265879 -3.704956
-9.530160 2.162268
-3.738759 7.556292
-1.207111 -10.836208
-9.595344 0.715980
-6.101847 -8.467688
-7.055693 6.152514
-9.575667 0.397564
2.770850 -10.474313
-7.576428 -6.762852
5.545543 -1.755757
-9.496266 -3.171253
5.814137 3.531819
11.683837 -2.471869
-0.785768 -4.139151
-3.562648 -9.866695
12.024754 -2.285511
-9.136180 2.534761
2.127726 -10.470634
-7.520641 5.222109
-0.086657 -4.321754
12.063896 -2.056399
6.045398 2.408079
2.642246 -10.417380
5.568453 4.255005
-5.391447 6.981875
-9.611859 -2.083692
4.452164 5.611714
1.959544 -4.435761
6.057290 -0.246150
-7.421150 -6.782323
-7.146257 5.543796
8.618470 -7.733187
0.651569 7.761893
-2.181293 -10.536948
-2.609459 -3.196915
8.990044 -7.003490
-4.318163 -9.382188
-1.882929 -3.913525
-1.333113 -4.086365
-2.417210 -10.364124
0.109291 7.883521
1.670270 -10.688889
-9.232962 -3.805532
9.165651 -7.056568
-7.870276 -6.436064
-0.652535 -4.248762
7.085267 -8.787698
5.859496 3.470964
-1.730059 8.089546
4.822252 5.250834
1.033970 -10.594188
4.071527 -3.207108
-9.257730 2.476588
3.835222 -10.087709
-9.109307 2.259185
3.894374 -10.061468
5.914211 0.954516
-1.462789 8.289262
-9.861052 -1.546159
5.017815 4.726415
1.054834 7.640209
5.354370 -9.884259
-7.309679 5.716800
12.250133 -1.321695
12.273509 0.372121
-3.376779 -1.300515
-9.152277 -3.738384
-2.166455 -10.208358
-9.055256 -4.209588
1.342141 7.776203
-3.848985 -9.551540
-9.300150 -3.455248
0.344865 -10.979834
6.065668 -9.411252
-8.137220 4.408782
-8.571993 3.396461
3.990810 -3.464921
8.629293 -7.611287
2.317816 -10.423193
5.538396 -1.202585
3.419659 6.409012
-4.213163 7.795238
-6.574978 -8.125750
10.093740 -5.989062
10.072068 -6.148808
11.290599 -3.823858
5.892759 1.633591
10.105720 -6.025198
4.511965 5.301656
1.001589 -10.602207
8.860992 -7.191723
12.423160 0.103299
-8.244420 4.109794
4.508812 5.650836
5.097974 -2.206092
-9.939286 0.075619
1.455080 -10.520078
0.492948 -4.756729
11.270371 -4.145589
-9.307404 -4.238621
-7.438705 5.765513
10.680504 -4.737400
-4.547516 -9.161996
-9.347927 -3.823213
-9.301484 -3.571740
9.351730 -6.991414
10.828743 -5.069222
4.497259 -10.128256
-9.343879 -3.454413
-5.694226 6.733322
6.108339 0.819310
-7.186653 5.784805
-1.160364 -4.405668
-9.231980 -2.918980
0.457988 8.201238
2.356322 -4.166541
5.626379 3.341345
1.211190 7.877149
-9.693257 -2.465160
-2.156938 -3.636243
-2.270250 7.923807
10.916235 -4.889106
8.802481 -7.676755
-1.545206 8.296244
5.975979 -0.423652
-8.273862 4.443937
-6.011294 -8.421885
-1.036620 7.939612
-7.210007 -7.123247
8.894049 -7.660393
-1.865747 -10.437133
-9.510547 1.547512
7.857270 -8.542001
-4.983921 -8.957489
5.678849 4.362677
-9.194547 -3.996117
-6.064890 6.647850
-3.482634 -9.855239
-8.922384 -4.112795
-8.061594 4.657205
-1.761027 -10.379226
-9.645399 -0.644635
2.901764 -4.300349
4.330710 5.935859
-7.243726 -7.118219
7.848703 -8.190917
10.070047 -5.782828
7.664983 -8.712560
-6.564416 6.101627
5.413259 -10.008191
-9.228901 1.903421
-8.250167 4.255694
-4.728800 -9.316156
9.158739 -7.417552
-9.305951 1.608193
6.170410 0.344794
5.265206 3.939796
-8.350026 -5.776210
2.075194 7.326480
5.549404 3.368804
-2.845143 -2.924904
-4.782825 -9.367009
-9.818485 0.910713
-4.294868 -9.277630
5.507806 4.043720
-2.695923 -10.363993
4.889484 -10.146630
4.857355 5.147876
5.886556 -0.704906
0.885453 7.891531
5.972269 2.998640
4.249104 6.105409
10.890258 -4.491038
-2.461453 -3.464647
-9.516975 0.914259
-7.662728 -6.800741
-7.297840 -7.024101
10.420024 -5.623024
12.257927 0.235550
0.839761 -10.823317
6.180365 0.049447
-5.047482 7.434094
-1.758208 -10.254699
-1.208179 8.232628
6.144673 -0.204700
-8.637698 3.705509
-6.414759 6.691488
-7.702196 -6.531442
-8.310971 3.983688
1.024111 -10.920804
-4.054470 -9.326893
10.112639 -5.798028
9.196084 -7.190042
3.466457 6.733889
4.490807 5.242041
-9.278517 2.392212
11.663579 -2.371924
-9.345144 1.059161
11.873776 -2.444084
-1.816136 -10.353255
-8.564310 3.366117
5.133053 -1.952501
11.937611 -0.711935
3.484832 -10.494414
-7.542632 -6.958842
-9.126653 2.853766
-1.661553 -10.668399
-1.742998 -10.576323
-9.291973 -4.326965
3.651592 -3.459746
-1.809188 8.323926
-8.367083 4.073277
7.380425 -8.837311
-6.189606 -8.172340
-1.431652 -4.082197
-0.226249 8.160487
-8.408115 -5.812360
-5.066047 -8.952381
5.855484 2.281125
3.431975 10.308985
-2.553604 11.133610
6.411245 7.712948
-0.014720 -13.884655
13.512971 -6.651769
-10.753664 6.130018
9.041120 3.374061
-12.660976 1.766924
8.066658 5.747531
-13.011598 -1.792802
7.913405 -2.994734
6.563831 -4.909229
-3.990021 10.879651
-0.698817 -7.789600
0.341961 4.502149
-6.732453 -0.971980
8.984387 -0.210693
15.048666 -2.744331
-8.895697 8.074437
-0.092672 11.064115
8.136856 -12.016829
8.658613 -1.568684
10.722842 -9.888944
-3.048009 4.859044
6.393638 -5.241441
-2.238656 -7.068852
-4.389629 -5.388596
8.569845 -2.403898
-3.535050 -13.159131
15.372323 -1.053046
6.889763 -4.841734
-1.740443 -7.137409
-3.595291 -6.413977
-1.207809 -7.246494
7.517743 -4.567990
9.093621 -1.154193
-10.207480 -8.942182
9.176680 3.410777
-12.670884 -2.124411
1.373405 -14.122785
-12.853033 -1.157249
8.493907 5.608585
-12.551043 2.772346
7.501225 -12.162983
-5.482087 10.498229
5.696941 -13.126022
3.299858 10.504473
9.043437 4.109455
-3.996430 4.173194
0.622482 4.671001
-4.152985 10.639852
5.234311 9.325424
1.319349 -14.119082
-8.582108 8.863523
8.994055 -0.465621
5.493914 8.944491
-11.143887 5.546425
-6.191849 0.779606
-10.421064 6.536513
-1.910982 -7.418431
3.150126 -7.192787
-3.699856 10.942917
7.930384 -12.058844
3.230347 -13.621410
-1.296324 5.146199
-3.085869 -6.423737
-6.472454 -2.734825
4.589701 -6.615466
9.053726 -0.049367
3.675445 -6.790758
10.147444 -10.631981
-8.022848 -10.858906
6.390850 7.776493
-8.316844 -10.408541
13.000982 -7.129610
-0.492908 5.056060
-12.112080 -4.499926
-0.186110 -13.930369
-11.802740 -5.606853
9.690977 -10.722398
7.723546 -3.468735
9.131444 -1.278386
6.830663 -12.612809
8.695950 -11.586878
13.488235 -6.028779
-10.817997 -8.191390
6.156463 -5.265444
8.113120 5.981717
12.492476 -7.700730
-12.229172 3.379755
6.506527 8.267587
-3.172820 -13.523674
8.308014 -2.370824
0.014546 4.677765
-1.898133 -7.069651
-11.493832 -6.324217
5.907282 -5.608553
14.857642 -3.936090
7.218022 -12.296228
0.996303 10.795197
-6.350851 -0.377727
3.473575 10.170323
10.423711 -9.760491
-7.241103 -11.397617
13.624664 -5.858036
4.461685 9.558326
9.198492 -0.564645
-11.013901 5.407650
15.226143 -1.760100
-4.447528 -5.879727
-10.223304 -8.494075
-3.502241 -6.378408
15.423478 -1.553648
3.167168 -13.677636
-9.714083 -9.120194
-9.112743 7.928475
8.840299 3.505005
-12.469186 -2.878620
8.984147 -1.364823
4.216603 -13.358439
-8.138420 -10.375605
15.277200 -2.501141
-4.774790 -12.632686
-5.349330 -4.772978
-12.499229 1.195135
9.020755 -0.027703
-12.740093 -1.636226
7.873280 6.058776
-12.947856 0.827375
-6.321505 -2.796639
8.835217 -11.731871
-12.103325 3.777624
-11.770513 -6.343757
-3.907191 4.189872
4.689627 -6.849233
10.851962 -9.911912
6.508226 8.025327
-13.047309 -0.268196
8.880822 -0.969068
-11.027288 -6.797537
1.775197 -7.625404
1.120032 -13.829826
-12.255511 2.614189
-1.100760 -7.573940
11.291614 -9.670627
-12.587036 2.047874
6.740333 -12.541971
1.542547 10.935329
-7.066414 -11.475080
-4.210686 10.838904
-8.958558 -10.020654
9.096265 0.521141
9.260026 -0.606952
0.323701 11.078129
1.862123 -7.409759
-2.931761 -7.038142
-11.979714 4.172775
1.050019 -7.853705
2.301646 -13.644500
-1.324249 -7.403551
-1.742813 11.100979
0.608979 -7.845476
1.782545 3.792969
-7.287731 -11.249876
-10.205660 6.457532
-11.215212 -7.003642
14.188219 -4.889489
14.381804 -4.033807
-12.750649 -2.877858
-7.757442 -10.817105
7.576729 -4.174305
-1.401181 5.174739
14.732309 -4.119263
-3.709958 4.333549
-4.676246 -12.563797
11.094052 -9.598249
-11.454498 5.060915
-6.407696 -11.859369
-11.727219 -6.445559
-5.524659 10.501807
-9.931661 -9.052619
-6.424520 -0.986613
9.802079 -10.678920
-0.916192 -7.311325
-11.640022 4.529746
8.866980 -11.100374
6.110995 -12.853142
15.344243 -1.393653
9.118809 0.393375
-6.232531 1.906760
4.874374 9.719463
6.067422 8.465198
-6.500001 0.277917
9.127981 -0.569636
-6.808529 9.918426
0.614994 4.837030
9.138263 1.623630
-3.787823 4.104657
0.569741 4.665613
-12.999068 0.246807
-5.346731 -4.659925
4.350163 -6.771258
7.777168 6.164284
-6.346163 -1.264557
0.604180 -13.676403
-2.022969 -13.643778
-3.247167 -13.109134
6.956915 7.411047
8.071243 5.667636
1.099012 10.910989
5.437146 -5.927319
8.683755 -11.510534
-1.375049 11.059990
-10.170822 -8.549387
-11.529250 5.265589
-4.296517 -13.032120
9.617793 -10.759449
-3.077305 -13.339879
-12.559938 1.026449
-5.628918 -4.288488
4.185760 -6.796779
-3.827362 11.235731
-5.942552 -12.439426
-8.168791 9.113722
7.058216 7.038354
-3.597292 10.850730
6.619823 7.957855
8.665729 4.962460
2.426485 3.426174
-1.668984 4.956172
3.501308 -6.895602
-7.110821 -11.588339
1.595534 -13.908932
8.967879 1.818016
-5.088862 -4.902182
10.607178 -10.279243
-1.776675 -13.594018
13.957454 -5.757498
-2.854844 -13.628598
1.993469 3.949816
9.158717 1.730822
-5.991882 1.481375
-10.356795 7.010474
7.691658 -4.002412
2.825829 -13.589848
14.314437 -4.548111
13.042280 -7.368308
-5.048505 10.489282
-5.205974 2.863592
-5.830162 -3.463073
-12.315542 -4.235582
6.967735 7.834397
1.084834 10.872205
-6.290236 -1.880110
9.438864 -10.755231
-12.331430 2.100415
12.866032 -7.401128
-8.086720 -10.803171
13.420236 -6.933895
7.571348 -4.229037
7.691077 -12.058299
7.767753 -12.000779
10.618249 -9.916250
1.455017 4.335789
-4.332582 3.790312
-0.444981 -7.836278
-6.169631 10.087850
-12.442868 1.845100
14.990327 -2.180508
-0.143736 4.973419
7.324826 -4.781959
5.547729 -13.072231
10.071728 -10.635677
-11.659868 -6.312647
8.556248 -11.882423
-12.396014 2.962679
2.474635 10.670677
-0.303015 -14.074858
-12.325452 -3.920901
15.131056 -2.309933
0.553650 11.307228
-3.000065 4.919393
6.291548 -12.525183
10.635393 -10.106024
2.894384 2.761563
3.058950 10.421110
11.590301 -8.567060
-3.983083 11.029032
-11.277012 4.885983
-0.119168 11.237885
-12.074471 3.922737
12.990026 -6.668103
13.627339 -6.587801
3.612634 -13.836108
-12.780330 1.246962
-6.585743 -1.441110
0.106224 -7.535466
-0.184915 4.875726
15.353875 -0.538838
8.146308 -12.008521
4.737816 9.629954
1.981509 -13.735152
12.402211 -8.358261
2.558328 -13.928436
1.056400 4.600769
-5.172843 10.483111
-12.985483 -0.960310
-0.800975 11.239949
1.821585 3.970904
-2.358352 11.396088
-0.432426 -7.601564
-12.588928 -3.280112
-12.506690 2.625864
-7.172560 9.520766
2.647043 10.717566
8.807718 4.247772
4.399783 -6.832572
13.406292 -6.755087
8.882574 -11.756336
2.546316 -0.888545
9.084967 -11.286266
-12.123969 -5.129050
-8.478875 -10.442804
8.194705 5.919974
-6.447537 0.430751
3.447456 10.260537
-12.376836 -3.770956
4.496871 -13.386304
3.088526 10.518196
7.322347 -4.537118
8.012780 6.302853
10.789629 -9.761997
-10.070312 6.875163
-12.391658 2.896401
-0.028475 -14.130255
7.580425 -3.877100
9.157218 -0.686622
-0.840632 -7.244848
-7.441962 -10.995582
6.613074 8.066412
7.520564 6.545232
-1.380516 11.255696
-3.281364 -13.398526
6.093787 -5.549529
5.450199 -12.935860
14.785157 -3.734916
-3.141680 -6.555873
-12.475801 -3.906167
-12.647097 0.433598
9.424591 -11.156400
14.446877 -4.229787
0.793433 10.878486
-6.437464 9.926429
11.019778 -9.468299
-8.597138 -10.698024
8.026033 -3.524342
-10.821814 6.016074
-12.396469 2.329150
11.172908 -9.677704
9.335157 0.957967
15.231048 -0.792878
-9.363665 7.821562
8.101339 5.138161
-5.655980 -12.398981
7.751977 -3.618702
-3.014112 -13.504967
3.799487 -13.751974
6.356990 -5.456843
9.160760 0.901605
3.199299 -13.582238
15.297428 -0.183995
-10.888595 -7.486787
-7.605656 9.285304
-6.658551 0.632652
-12.721660 -1.095550
-3.196435 11.229818
7.993564 -3.254642
5.595803 8.876240
-12.845452 0.856065
7.936984 6.403457
-11.179128 5.777282
-3.383898 -13.202904
5.982891 8.779274
-3.840640 -13.008400
7.400504 6.590706
-12.585595 -2.252367
-6.479418 0.354853
8.628920 5.016914
-0.245074 -7.395899
-4.077170 -5.996650
1.931248 11.032132
13.977279 -4.997826
-4.479354 -12.744408
8.684758 -1.137676
7.818945 6.014125
-6.083955 -2.723328
-7.471315 9.756312
9.093715 -11.537174
-2.655650 -13.379488
9.198662 1.922452
4.575499 -6.811951
-4.682963 -12.895272
1.412371 -13.781723
-12.552266 0.844538
9.164992 2.091855
7.790964 6.390768
-3.595949 10.986730
-6.447801 -2.514129
15.579648 -0.674249
-13.029995 0.252907
-1.263702 -13.554090
6.871133 -4.584132
-4.927163 3.368280
2.841263 2.073429
8.229699 -3.126443
-12.636442 1.659069
8.223934 5.633590
-11.859974 -5.680676
9.639129 -11.125794
6.598312 -5.311149
-0.845696 -13.762486
-2.901313 -6.538248
13.404749 -6.669768
13.082872 -6.818252
3.251045 -7.525754
-10.605988 -8.274373
0.784591 -13.896462
-7.792418 8.992732
13.278812 -7.065212
-5.256689 -12.521924
-7.617990 9.125838
9.257158 2.151402
8.816254 4.413268
-1.906017 5.209069
8.567881 -11.584990
-11.447996 5.581636
12.655945 -7.523130
11.948173 -8.347651
-2.779906 -7.066870
-5.300672 2.965818
-12.005314 -5.225865
-6.080792 2.244315
8.165324 -2.861537
-3.234282 -13.333700
2.365174 -13.921923
3.470399 10.151092
-6.209041 -2.355490
8.343902 5.164257
2.725812 0.170541
-10.465672 6.862795
7.648856 6.693283
-11.483401 -6.459994
-9.144316 -9.453963
15.621226 -0.076789
9.570272 -10.996259
6.841647 -4.907068
12.134345 -8.577256
-4.050919 -13.162446
8.698955 3.941117
13.267181 -7.132843
4.673141 -13.259695
-5.490073 2.699966
-12.681237 0.956209
-9.418933 -9.957032
2.535596 10.462431
8.636077 -1.666798
-11.882291 -5.386191
-6.559181 -1.642697
0.143036 10.994731
12.883002 -7.657474
-1.496129 -7.485487
13.032249 -6.907653
1.000740 10.834373
7.379424 -12.175791
-5.952891 -3.971365
-6.428630 0.794709
2.082926 -13.924974
-5.362616 -4.726531
-0.041568 11.025252
-6.511961 0.690754
-12.770646 0.816044
-1.680668 5.076693
-6.103757 -3.935895
8.032597 -11.923274
-12.931787 -2.653137
2.255757 -14.031297
-10.150167 6.840251
10.349874 -10.169914
-12.523238 1.794873
5.619582 -13.115077
13.892403 -5.136216
9.263793 1.929125
-3.877448 10.855390
-9.640133 7.690576
-4.755015 -12.711531
12.612681 -7.868878
1.967410 3.759446
3.804653 -7.391332
5.981723 -5.860416
-11.951230 -5.584223
0.731484 -14.132724
-5.741840 10.412716
15.189022 -1.501240
6.789096 -4.530285
-11.255479 -7.037936
-4.235055 -12.971676
1.005663 -13.855424
-11.425245 -6.496413
0.221577 -13.717995
12.715605 -7.795935
-5.292058 2.998662
9.187745 1.940222
6.692972 7.786046
11.095205 -9.765263
2.611995 10.527593
7.375884 -12.222963
-12.081165 3.282686
14.490485 -3.838336
-12.542210 2.061692
8.818135 -1.347836
-13.036513 0.480649
1.060214 -14.096797
-11.627311 4.368178
-5.818790 -3.748695
-5.817119 -12.194371
15.020168 -3.390392
-6.545029 -0.000754
-7.271685 9.568428
1.982378 10.901964
8.313121 -11.857690
5.933678 8.460159
-12.269774 2.632324
-5.632443 -12.415801
3.127074 -7.169795
11.791081 -8.758622
-13.027255 -1.592420
-3.790373 11.028915
1.539018 -7.474128
6.352797 -12.725339
-6.345486 10.083439
14.874203 -2.503662
14.235450 -4.596901
-13.092677 -1.227443
-6.123019 -12.041700
-12.364812 1.718973
-13.050809 -1.335483
4.446532 9.731813
-3.151885 -13.570862
9.125882 0.951446
-0.417313 11.438696
7.330270 -4.747928
-9.148128 8.295367
13.523657 -6.457467
-0.785401 -7.610935
2.246804 10.589219
-4.456151 -5.501267
-0.261919 11.281617
5.045492 9.194979
9.050058 -11.437383
-2.398049 11.188062
-11.057254 5.422636
9.119461 1.217786
13.725790 -5.423983
-4.360303 -12.871101
-12.063184 -5.130137
2.910226 -0.117594
-6.522556 10.191067
6.622037 8.082867
-8.161799 8.870068
-5.935768 10.115190
-12.825257 -1.520834
9.025829 -0.319390
-3.813612 -13.346948
-12.711501 0.569766
1.904314 3.980570
8.965215 -11.399484
8.787188 -0.789972
8.364693 5.421226
-2.149782 11.381068
-2.245297 -13.722901
4.354327 9.619889
7.445240 6.396178
-11.707759 4.246601
-6.735966 -11.729773
-6.070398 -3.180137
-11.253006 -7.252437
2.153271 -13.689106
7.800273 6.609640
-7.962444 -10.892215
4.164437 10.083625
-9.554088 -9.147449
3.217943 10.310512
0.980744 -14.028593
2.234836 -7.485892
4.638105 9.690011
-10.962529 5.530415
-2.194450 -13.670740
2.447119 10.506484
8.796800 -11.413363
-11.600648 -6.645669
7.675445 -12.071912
1.498227 10.915300
14.501970 -4.091702
4.319003 -13.376997
8.160344 5.878484
5.111559 -6.055438
10.656653 -10.084496
-4.334816 10.955409
-6.037142 2.230841
12.388041 -7.617676
1.570947 -13.660474
-7.729036 -11.358520
-2.127141 -13.719075
6.999472 7.204577
-12.307828 2.643510
3.990352 -13.500872
13.217201 -6.504196
-11.196099 -7.528087
13.600827 -6.248636
-11.023006 -7.773939
8.086201 -3.440507
10.887323 -9.401373
-0.589147 11.150824
-3.901700 -13.185441
-11.962527 3.386830
7.960296 5.550421
-10.504295 6.675901
2.823008 -7.504775
4.231599 -13.317976
0.923178 -7.618417
13.227604 -6.342726
-6.233790 -3.211032
7.044804 7.387501
-10.678030 -7.813065
-9.069219 7.862045
1.997098 -7.307618
-9.164678 -9.871929
2.213159 -0.954951
1.702176 3.956144
5.391987 8.895825
-2.204531 -13.846095
2.516748 -13.763201
0.604963 -13.840319
-0.656468 -7.437420
6.291820 -5.237152
6.157609 -13.096939
5.210982 -12.956132
-0.065509 11.148510
-4.980503 3.534870
-5.678522 2.751168
1.247883 -14.000910
9.358607 0.936635
14.748229 -3.405558
-12.503929 -2.642273
-8.789691 8.358447
-5.969567 10.369725
-7.569845 -11.151121
7.921992 -3.453800
11.720422 -8.738076
15.285882 -1.853594
13.103446 -6.761863
-6.197332 9.938312
3.060466 -13.549055
-0.679331 -13.674429
-6.589633 10.042992
-7.761115 -10.696924
-4.852561 3.804200
6.528901 7.686659
9.147712 1.398007
-11.378950 5.134767
0.550766 11.241998
15.287800 -1.315191
-2.436133 5.198170
-5.118059 -4.943447
-12.750177 -2.650373
-0.219419 -13.647175
-6.359077 -1.483681
-12.295357 3.563294
-6.347898 10.012252
3.608333 -7.201223
10.104242 -10.414779
15.334821 -1.759913
9.609471 -11.245646
-10.610295 -7.974965
2.708891 2.473000
-12.306085 -4.657217
12.490491 -7.656010
7.207983 7.056606
2.927689 1.647076
14.916999 -3.482756
-8.591241 8.324968
13.207393 -6.988954
-1.016780 11.219323
-3.993714 4.413150
-8.220978 -10.810623
4.235665 9.847509
-11.897053 -5.494369
14.575480 -3.971688
6.834334 -5.154465
5.869975 8.623466
-9.348378 -9.344066
6.342132 -5.725627
-6.543606 -1.244563
-4.195412 3.955353
-9.943115 6.834365
6.509272 -12.613635
-10.645984 -7.675507
-10.696248 -7.948108
7.294922 7.303411
-7.153746 -11.439999
1.270722 10.945686
4.285390 -13.678658
-0.951460 -7.520018
-0.609164 11.445662
9.062543 2.749543
-12.583472 1.325791
0.234538 -7.705200
-3.335756 11.108914
-6.228715 1.204131
8.353520 -11.907043
-8.195761 -10.408509
1.965957 11.089465
2.248544 -13.956017
-4.167346 4.304981
-12.949545 -2.417396
-5.493620 -12.306093
-12.620333 -0.906777
-11.520169 5.077416
-0.562006 4.955674
3.293988 -7.079966
-0.317322 -14.095831
-12.475202 1.638108
13.678433 -5.684354
-2.122795 -13.517550
-6.411060 10.023630
-5.380372 -12.731864
0.129434 -7.650326
8.969656 1.774196
-12.673271 -0.367005
6.240228 -5.601483
6.135945 -5.654813
-4.455316 -5.505026
7.641825 -12.212511
5.750246 -12.796744
6.081677 -5.934419
2.278843 3.834501
-4.241700 10.756424
-12.736982 2.091047
0.937294 4.617944
-11.380983 5.233018
6.659126 7.585796
10.232926 -10.428545
4.651096 -6.543150
8.747959 4.065294
-11.533213 4.808877
15.436266 -1.063929
-10.511656 6.232087
-8.359638 8.633946
14.066516 -5.582856
-9.549568 7.888764
12.904069 -7.642194
5.725666 -6.127890
-10.099823 -8.498290
-8.016286 8.795687
-11.856055 -6.331358
9.013690 1.100846
-2.366323 -7.163357
5.123115 9.250995
-5.348103 -12.335690
-11.543158 -5.793878
2.713038 10.442437
-1.868654 11.528815
8.212561 5.736132
1.417269 4.187610
-10.058703 -8.532822
2.543767 -13.649724
2.148774 3.628811
-7.345232 9.225640
-3.677408 -13.160009
-4.285592 -5.883019
-5.971195 10.125642
-8.980685 -9.712931
-11.934969 -5.658047
-11.998706 -5.627898
7.887370 -3.663163
3.948595 -13.572916
13.645585 -6.368655
1.941685 3.669982
2.046094 3.587160
-1.186616 -13.641181
2.223133 -7.568518
8.634228 -2.320039
-4.385133 10.669662
7.033848 -12.603888
14.333113 -4.267734
8.227782 -2.544799
7.378549 -4.185058
9.407186 1.763202
-4.480264 -5.670963
12.118676 -8.262222
1.878407 -7.429403
13.620900 -6.393241
2.045990 -14.026491
0.553594 10.923967
14.128592 -5.421138
12.863077 -7.084719
-12.010683 -5.650760
8.523300 -2.230113
6.871140 -4.749076
-11.244133 -6.279175
4.968535 9.357686
3.136634 1.558882
-7.532632 -11.328692
-7.927057 -10.963737
9.022064 -0.470640
-2.328144 4.862842
-12.619897 2.010242
-5.686028 2.732100
-2.659325 -6.807181
5.734385 -13.179211
8.119353 -2.600978
-12.614340 -3.507179
0.274651 -13.977210
4.205404 -13.448600
-2.963429 -13.298837
7.286109 7.274889
-8.916526 8.573329
1.307882 4.244938
-10.707006 6.379356
-3.635257 -6.266912
-6.133786 1.175896
0.128946 -13.981743
10.893766 -9.650585
-0.369665 -13.936179
-11.769437 -5.339349
-3.241695 11.054292
-11.629558 4.432126
0.053991 11.081526
-12.421018 2.335760
-10.608719 6.471426
15.368252 -2.104418
-4.660707 -12.716558
-12.260353 -3.579046
7.550193 6.599504
-11.864907 -6.213015
8.942781 2.424012
3.165388 -7.236191
3.461005 10.380479
7.716585 -12.231598
14.012950 -5.581931
-6.355463 1.674512
1.599512 -13.677459
11.685127 -8.831678
-0.839553 11.242306
8.203399 -3.081315
-1.215591 11.320547
6.549025 -12.662053
8.517209 -2.277858
12.701307 -7.677941
-2.808450 -13.656209
-10.444621 -8.349521
-0.949149 -13.960040
5.526924 8.639740
-7.821322 9.193477
7.509638 6.414024
-5.515818 3.204641
-11.981089 -5.557479
8.909500 0.289334
-1.331843 -7.140063
-12.799808 -2.080592
-4.878535 10.896126
6.819573 -12.784176
-9.751901 7.421305
-10.837112 6.118827
-10.195988 6.653777
-4.705324 10.684806
7.155888 6.975639
-3.034000 11.366590
-12.627958 -2.023581
-6.715658 -1.896122
-2.215649 11.123259
7.971843 -3.776933
-5.736244 -4.460606
-8.693053 8.294692
4.129009 -13.302630
13.844971 -5.760690
-5.140884 10.889068
3.064939 1.566941
-5.353992 10.375927
-2.778733 -6.936613
-12.614052 -0.729820
9.336671 -0.123547
13.624272 -6.274225
-5.849507 10.257080
-7.768452 -10.871457
-9.460241 -9.630102
8.814607 -11.638729
-12.905256 -2.305533
-2.469072 -13.398184
1.281051 -7.763834
0.287651 4.952046
5.913648 8.503108
6.525653 -12.434927
-7.949700 -10.938040
-5.420048 -12.585772
-6.569763 0.536950
-11.521989 4.676931
9.320680 0.492735
11.468272 -9.373764
-2.489805 -6.745709
-1.204358 -13.589379
-6.283396 -12.134007
-8.369259 -10.444657
15.107298 -2.847217
14.438256 -3.784444
-12.083132 -5.464799
15.655883 0.385407
-6.676778 -11.437883
-5.493351 2.634155
9.496004 -11.037015
5.478040 -13.015252
-3.805774 10.891545
-2.012144 11.168665
-6.833565 -11.611441
-6.269897 1.548429
-7.242591 -11.175212
-4.013168 -6.024078
-2.631259 -13.388379
7.341315 7.180835
-2.004273 -13.717983
4.738328 -6.551425
9.015704 3.778815
-0.397350 11.020385
-6.670374 -11.485528
-5.883044 10.185603
-6.483138 -1.623022
-6.635943 -0.067747
-12.576964 2.981089
2.092226 -7.426639
0.787057 -13.904705
10.646573 -10.213874
9.268286 -0.252726
-0.363368 -13.766063
8.334777 5.339153
-10.859209 6.151112
-8.132894 -10.529810
-12.251009 2.456140
13.894191 -5.780861
-6.639944 -0.248286
3.418150 -13.404708
-6.321589 -12.021252
9.017445 3.309479
5.815111 -13.169501
15.245099 -1.061609
-7.400996 9.354907
2.742825 -13.935958
3.697627 -13.407355
9.197335 -0.275621
-6.163430 -3.661437
9.490980 -10.802070
-7.295750 9.657148
-8.473241 -10.075429
-6.053220 1.745207
-1.336359 -13.942728
5.064918 -13.016757
-12.786585 -0.882733
-2.145722 -7.268510
-3.699659 4.592396
8.713442 -2.458548
9.193008 0.143502
12.187241 -8.677105
-2.865204 -13.488193
-7.417504 9.191616
11.759716 -8.707807
8.608799 -11.719971
-7.458762 -11.121829
13.560832 -6.569268
-0.452751 11.488990
-10.372033 -8.014162
13.255670 -6.769520
-6.015018 1.392528
5.380224 -13.176351
15.324691 -1.121181
7.480567 6.413645
-6.557541 -2.030982
-4.668251 -12.674600
-5.143257 3.541605
10.376480 -10.410207
0.051086 -13.738552
-12.497650 -4.180444
2.978867 -0.140411
8.886892 -0.344543
1.419717 11.135007
-12.106329 -5.768658
9.193440 1.737242
6.630422 7.870513
-1.107535 11.109289
-6.919869 -11.370442
-1.470511 -13.806108
-6.150147 -3.182063