2400
2
21.729801 0.348971
20.784075 1.346857
20.132802 1.558524
20.282077 1.951189
21.263813 1.068953
20.877293 1.008878
20.806699 1.487642
21.713453 1.108417
20.382345 2.352962
21.757615 2.037994
21.399067 1.774525
21.179667 3.526282
20.203313 2.906139
20.457025 3.404303
20.820804 2.435171
21.094275 2.611991
20.560520 3.201819
20.966065 3.805719
21.112433 4.069133
21.369209 3.207873
20.565281 4.817557
20.720730 4.160333
20.567009 4.349940
19.918472 3.897926
19.976324 4.771681
20.586404 5.562903
20.147473 4.842346
21.531986 4.864086
20.181722 5.529890
20.780563 5.740381
20.368454 4.965282
21.029245 5.241608
21.010764 6.929224
20.061740 5.912989
19.888605 5.947928
20.485556 7.194267
20.909274 6.007660
20.640539 6.727308
20.651609 7.209833
20.628110 6.770489
20.330671 7.687323
19.008926 7.599699
20.614849 7.003240
19.879562 7.991167
19.991952 7.601832
19.363044 8.804490
19.644369 8.477585
20.197677 8.175014
19.420738 8.822465
18.930580 8.599260
18.555084 9.410251
20.192067 7.874667
18.846624 9.601353
18.943543 8.840323
20.221535 9.347021
19.898810 9.912988
18.408373 10.181921
18.696454 9.527648
19.287432 9.197430
19.609664 10.388362
19.321021 10.570477
18.143218 10.070603
19.336646 10.103078
19.482813 10.216549
17.803760 10.353260
18.244513 10.095840
18.842515 10.351290
17.737515 11.159498
18.047100 11.542990
17.579305 11.384627
18.289080 11.907994
17.190908 12.510128
17.057322 12.492053
17.602183 11.919501
17.831836 12.961252
17.824451 12.124093
17.754942 11.291774
17.058363 12.458363
17.403328 12.921575
16.962650 13.610184
17.249447 13.300641
17.584126 13.004730
17.846698 12.271009
17.265854 13.314773
16.187775 13.456978
16.579628 12.640953
15.893221 13.537778
17.219193 14.237224
16.701896 13.624828
16.194219 14.826496
16.978493 13.222634
16.310558 13.931203
15.941831 13.416177
15.767579 14.343227
14.880787 14.287499
14.895999 15.548024
16.563160 15.018077
14.708664 14.708290
15.359981 14.469663
14.935218 14.222466
16.049400 15.361450
15.395346 15.731433
14.613441 15.606998
14.584514 15.858407
15.416406 14.956072
14.763562 15.100529
14.987180 15.547287
13.838383 15.059288
14.305177 16.980965
14.063840 15.923014
14.904305 16.584843
13.048230 16.511715
13.869431 16.817135
13.858290 16.929899
14.138665 16.899033
14.276486 15.749513
13.986563 16.173689
12.473592 17.530571
12.470480 17.563295
13.075173 16.911947
12.596128 16.477163
13.399922 16.898613
12.316101 17.319043
11.838875 18.024531
12.439326 17.035143
12.142838 18.409279
11.064534 18.312337
11.564874 18.018717
11.418195 18.125657
10.824003 18.466095
12.116875 18.304000
11.780328 17.204244
11.308636 19.215050
11.547684 19.067456
10.431828 18.212345
11.170625 18.771815
11.262299 17.770070
10.345969 19.338272
9.404220 18.277450
9.223472 18.287719
10.885309 19.579172
9.639490 19.690369
10.712180 18.588711
10.350000 18.273226
9.038934 20.034400
8.572455 19.313725
9.933710 18.462347
8.861683 18.551147
9.063516 20.112795
9.255957 20.054827
9.343624 18.655142
7.811564 20.379826
7.754587 18.834139
7.905539 18.777642
8.881421 20.457201
8.379069 19.460134
8.585443 19.086663
7.888212 20.309075
7.189727 19.282762
6.827064 20.371848
7.720889 20.606241
7.329189 20.994485
7.267507 19.134644
7.685242 19.315949
5.751150 19.346362
5.876398 20.437550
6.448097 20.121627
6.072250 20.135715
6.376894 20.852373
5.092928 20.319753
5.081445 19.947128
5.551370 21.307877
6.207615 21.185813
5.713191 20.952721
5.156718 20.377793
4.433975 20.208888
4.871797 19.801433
5.193284 20.789326
4.880873 21.366780
4.560814 21.033338
4.797013 20.102626
3.817094 21.062775
4.254178 21.705927
3.306498 21.621694
4.117970 20.115044
4.156323 20.592084
2.978797 21.754679
3.457977 20.895935
2.015989 20.527603
3.630659 20.546946
2.341797 21.729592
1.868510 20.093486
2.615388 21.604332
1.412495 20.978882
2.638840 21.172274
1.192103 21.109646
1.884126 20.458406
1.967698 20.608899
0.556578 21.592744
1.985795 20.801994
0.018943 21.353302
1.171526 21.900675
-0.131465 20.118093
-0.390295 20.907498
-0.607469 20.113454
0.809787 20.170952
0.335876 20.909195
-0.342532 20.924761
-0.795410 21.006240
-1.196298 21.695713
0.309103 20.082039
-1.526210 20.151403
-0.789636 21.895982
-0.444165 21.397336
-1.650322 21.776854
-2.180228 21.741576
-1.021772 21.531960
-2.154022 21.006281
-2.623281 19.886498
-2.938239 21.745423
-2.761616 20.405240
-1.765674 21.144003
-1.927478 19.901796
-2.900805 21.316133
-2.127940 20.953711
-3.184995 19.904995
-2.813395 21.090429
-2.658900 21.244383
-3.937001 19.540896
-4.407710 20.203171
-2.729548 20.662795
-3.812420 21.301775
-4.379199 19.760071
-5.127224 19.477774
-3.508715 20.376980
-5.151775 21.236460
-5.073050 21.147364
-5.131156 20.682662
-3.960180 19.627956
-5.994115 20.435463
-4.326278 19.980888
-4.532984 19.975545
-5.986747 19.000681
-6.193430 20.467469
-6.271448 18.871438
-6.047161 20.158603
-5.897177 20.387395
-6.910414 20.403832
-7.344828 20.314420
-5.963465 18.728387
-7.120034 19.854490
-7.324819 19.254912
-7.985598 19.616956
-6.956324 18.338274
-8.234792 18.373642
-7.238867 19.062868
-7.882009 18.531548
-8.165067 18.304656
-7.084234 18.582464
-8.923425 18.943330
-8.220449 18.812607
-7.837116 19.593989
-8.629863 19.168762
-8.314685 19.502657
-7.689268 19.325642
-8.070819 17.812365
-8.517202 18.142680
-8.477391 18.041010
-9.151682 17.664102
-10.323091 19.074955
-10.417787 18.729105
-10.142434 18.017795
-9.704485 17.123638
-10.078363 18.329293
-9.468279 17.818730
-11.004608 17.883682
-11.035243 17.325377
-11.311521 16.483615
-9.671879 16.667454
-10.226540 16.890510
-10.833199 17.522920
-10.391423 17.844108
-10.327027 16.840656
-11.621473 17.848162
-10.643649 17.069323
-12.406163 17.040239
-12.463338 16.149570
-10.819605 16.574128
-10.965038 15.794351
-12.040688 16.382105
-11.565385 17.154703
-11.684459 15.120826
-11.494954 16.040628
-11.945690 15.095918
-13.010881 15.352130
-11.754835 14.725308
-13.557605 15.837336
-12.556366 16.132182
-12.385554 15.991132
-12.704240 15.721876
-12.981020 14.890571
-13.100445 14.296794
-13.595075 14.884058
-12.704854 14.617781
-13.802450 14.797165
-14.398055 13.736048
-14.415198 13.510601
-13.756058 13.463604
-14.315332 13.315060
-13.269948 14.464035
-14.387300 14.786280
-14.946042 14.746862
-13.925022 12.732556
-14.277055 13.553203
-13.791713 14.204600
-15.743907 12.690644
-15.515368 13.143472
-14.319536 14.028186
-15.706016 12.771509
-14.842167 12.143400
-14.986358 12.181124
-14.725587 12.544238
-15.204049 13.386207
-16.166916 12.697711
-14.851465 11.725321
-14.970944 13.043512
-16.709961 10.989726
-15.685301 11.973370
-16.408400 12.211123
-15.832203 10.754436
-15.240397 11.061407
-15.741812 12.092252
-15.476116 11.492110
-16.791706 10.263939
-16.573723 10.380930
-17.151716 10.495083
-16.283057 11.325385
-15.825343 10.526114
-16.640571 9.400368
-16.193531 11.102292
-17.523975 10.592816
-16.995653 10.058330
-17.838844 9.885217
-17.163368 10.401307
-17.067918 9.958096
-17.209523 9.055782
-17.026243 9.934254
-17.760967 8.263929
-16.429785 8.574643
-16.888307 9.103470
-18.109404 8.772562
-18.414256 8.122250
-18.305047 9.062830
-17.195543 8.808533
-17.520388 7.554231
-18.576510 8.724825
-18.195890 8.583454
-18.271728 6.940940
-18.653290 8.008425
-17.820028 7.294011
-18.367876 6.140372
-17.760570 7.784618
-17.348801 6.236353
-18.742438 6.850381
-18.076581 5.937807
-18.198254 7.267877
-17.930394 6.095323
-19.287557 7.042142
-18.324748 6.642894
-18.571786 6.231272
-17.691674 6.534461
-18.198675 5.312774
-18.750624 4.623749
-18.007740 5.086682
-17.862519 4.777527
-18.089614 5.799412
-18.965889 4.717444
-18.166698 4.391263
-18.890010 4.064570
-19.624560 5.073762
-19.328686 3.611433
-19.758847 4.617714
-18.904769 3.809345
-19.693357 2.829073
-17.999366 4.362240
-18.240684 2.981048
-18.873342 3.202474
-19.576813 3.144589
-19.521098 3.308632
-18.828826 1.779057
-17.955545 2.644246
-18.254931 1.887006
-18.872466 2.062325
-19.780393 1.411297
-18.943137 1.612897
-18.260222 1.717996
-19.672971 2.015187
-18.054503 1.380874
-18.768908 2.005295
-18.389557 1.931838
-19.525884 1.857514
-19.445398 1.348921
-18.748613 1.036999
-18.684141 0.672124
-19.045978 -0.644043
-19.512473 -0.758784
-18.494334 -0.461224
-19.704448 0.280791
-19.411335 0.452354
-19.666228 -1.281964
-19.755469 -0.015767
-18.618575 -0.325532
-19.691539 -0.129959
-18.910786 -1.778609
-19.117204 -0.787596
-18.350947 -0.580390
-17.870595 -2.353747
-18.090599 -2.442512
-17.899763 -1.773631
-19.377537 -1.308828
-19.140896 -1.839960
-19.173225 -3.254151
-19.503394 -2.972327
-18.156145 -2.312793
-18.012645 -3.053993
-19.216650 -3.462126
-19.239327 -2.157886
-19.473355 -3.736840
-18.558775 -4.293024
-19.300673 -2.677702
-18.799048 -3.623214
-17.732488 -4.156309
-18.459302 -3.189183
-18.305273 -3.798526
-17.646441 -5.018836
-18.895175 -3.609620
-17.557617 -4.038449
-17.670206 -4.375780
-18.525620 -5.838889
-18.514339 -5.381898
-18.859156 -4.289832
-17.686067 -5.722715
-17.872775 -6.158982
-18.740243 -5.361936
-17.239231 -5.274808
-18.318325 -5.564287
-16.778733 -6.699199
-18.376979 -6.379180
-18.507317 -7.101479
-18.435082 -7.370788
-16.574506 -6.021424
-18.352175 -6.855086
-16.879230 -7.990373
-18.103759 -7.918357
-17.849055 -7.591993
-17.101306 -7.887915
-16.835767 -7.533661
-16.287204 -8.727113
-16.417308 -7.050646
-16.981990 -8.768967
-17.240695 -8.102485
-16.827856 -7.919402
-16.602372 -8.752628
-17.157315 -8.048618
-15.692622 -8.956134
-17.329287 -8.192765
-15.421560 -9.323702
-16.363611 -10.045999
-15.881033 -9.875911
-16.890163 -8.716738
-16.024754 -9.930769
-15.466060 -10.163791
-16.744748 -10.118518
-15.833091 -8.942039
-15.706824 -10.864087
-15.389112 -9.248520
-14.741247 -11.089660
-16.384839 -11.242349
-15.029031 -11.042289
-14.749679 -9.969469
-15.601796 -10.424654
-14.125085 -11.450993
-14.883634 -11.560079
-15.372940 -11.231401
-15.653332 -11.687794
-15.122037 -10.598755
-14.261504 -11.609507
-13.927758 -11.289514
-13.585196 -12.053915
-14.054242 -11.794625
-14.240790 -11.746373
-14.146543 -11.856793
-13.122780 -13.154270
-14.390029 -11.869679
-14.170910 -11.913205
-12.952394 -13.278944
-12.832763 -12.766038
-12.690691 -12.866695
-13.795939 -12.689048
-12.517544 -13.989640
-12.298655 -12.349914
-12.119178 -13.099399
-13.152449 -13.466974
-12.418945 -13.970136
-13.414777 -13.182203
-11.975492 -14.193828
-12.760698 -14.514545
-12.369094 -14.673378
-13.018543 -14.265688
-12.292359 -13.783852
-11.715716 -14.064153
-11.089939 -14.449423
-11.912431 -13.545886
-11.409101 -13.587841
-12.281837 -13.754823
-11.601152 -14.614478
-11.610374 -15.842972
-10.480946 -14.814733
-11.850988 -16.049334
-10.432124 -16.141844
-9.901109 -15.870874
-9.587425 -14.696557
-10.089312 -14.567158
-10.352171 -15.843665
-11.061891 -15.047030
-10.796521 -16.160057
-9.713187 -15.227126
-8.857823 -15.839988
-8.765688 -15.405371
-10.201146 -16.159550
-9.964028 -16.769622
-9.826380 -15.863872
-8.284540 -17.186802
-9.164103 -16.514651
-9.050008 -15.462215
-8.106516 -15.637985
-7.994765 -16.806344
-8.877667 -16.001940
-8.427053 -17.191689
-8.338558 -16.494385
-8.877020 -16.772216
-6.851085 -17.631937
-6.920930 -17.075214
-8.324262 -16.698274
-7.459149 -16.864351
-6.426173 -18.034204
-6.503283 -17.471318
-7.189441 -18.327535
-6.120373 -16.927509
-6.814832 -16.806462
-7.043394 -18.043662
-6.278554 -17.710583
-6.104073 -17.109334
-6.257834 -18.062249
-5.446024 -17.129741
-5.632930 -17.473839
-5.594674 -18.682969
-6.237562 -17.756842
-5.596676 -17.335354
-4.412599 -18.726530
-5.979427 -18.729631
-5.749986 -18.142796
-4.656141 -17.654306
-3.792283 -18.825486
-3.487102 -17.851952
-3.898691 -18.853269
-5.066912 -17.658716
-3.259503 -18.395838
-3.100772 -18.955710
-3.466332 -18.324966
-4.161985 -19.385115
-2.410606 -17.604975
-3.287163 -18.983701
-3.051556 -19.424537
-3.641143 -17.969526
-2.063860 -18.483295
-3.241595 -18.318750
-1.599930 -18.004428
-2.730257 -19.489172
-2.939029 -17.765744
-2.739286 -17.972781
-2.312833 -18.133126
-0.969883 -18.224286
-2.447420 -19.662176
-2.230900 -18.256079
-1.255677 -19.837096
-0.991910 -18.927227
-0.131655 -18.789113
-0.093145 -18.887405
0.010952 -19.565641
0.489556 -19.657283
-0.361421 -19.254667
-1.018710 -18.876846
0.489827 -19.072632
-0.806597 -19.483222
1.104297 -18.163308
1.244254 -18.617789
0.934516 -18.596450
1.751315 -19.484848
0.115971 -19.132278
0.971152 -18.812931
2.104767 -18.123411
2.085208 -19.877798
2.171667 -19.074248
1.224375 -18.995296
2.241842 -18.886037
1.627045 -18.109331
2.438886 -19.557015
1.679229 -18.593166
3.271944 -18.528826
3.506968 -18.559143
2.873096 -18.993874
2.036221 -18.094127
3.385272 -19.218992
3.803083 -17.915521
4.034795 -18.793538
3.962851 -17.891699
2.846865 -18.947577
3.693145 -19.462679
3.639101 -18.961374
4.170179 -19.283476
5.105978 -18.086576
3.966766 -19.189464
5.053925 -19.629875
4.199104 -18.411418
4.633634 -18.701064
5.532798 -18.940733
5.309043 -18.088830
5.918796 -18.579857
5.586360 -17.461517
6.392913 -18.681871
6.171900 -18.687278
6.920922 -17.985373
6.895507 -17.396395
6.616435 -19.030242
6.199765 -17.232510
6.353907 -17.898504
5.867323 -18.078461
6.216842 -19.061003
7.006935 -18.631346
7.087808 -17.045879
7.867142 -17.641518
7.957128 -17.255428
8.310911 -17.952931
7.326020 -18.258799
8.129087 -17.396594
8.883992 -18.340268
8.275747 -18.137601
8.344663 -18.356950
7.677126 -18.184630
7.855699 -17.836005
8.919119 -17.409988
9.718769 -17.043784
8.862057 -16.288700
9.517703 -17.004718
10.162996 -16.280854
9.843367 -16.582534
8.856854 -16.886586
10.801455 -17.629811
10.474299 -16.527931
10.831101 -16.968948
9.455352 -16.518069
10.028893 -17.592083
11.166653 -16.210605
10.665412 -16.087033
10.614987 -17.227472
10.163487 -16.474186
10.955400 -15.473047
12.189087 -16.824130
10.844887 -16.276163
12.121601 -15.983143
11.082457 -15.766726
12.784115 -15.330073
12.811603 -14.842042
11.745097 -16.082562
12.571731 -15.863507
12.735737 -15.590260
11.593220 -14.505309
13.124326 -15.394447
12.532370 -15.978098
12.778335 -14.306960
12.033960 -14.245905
13.450756 -14.163177
12.982792 -13.934061
13.251544 -15.626021
12.785984 -14.080504
14.271286 -14.671604
13.743849 -14.078662
13.955513 -14.899537
13.561269 -15.008504
14.112942 -13.157940
14.367520 -13.765142
13.833410 -14.551687
14.743035 -13.022001
13.937561 -13.075521
14.869467 -12.625432
15.224278 -14.381012
15.084258 -14.339985
15.565403 -12.443252
15.641700 -13.934478
14.921797 -13.887344
15.649994 -12.870608
15.375229 -12.532868
14.593137 -12.400707
15.277353 -12.838390
15.213689 -11.532525
16.610673 -12.695723
16.694375 -12.499677
15.155484 -12.501971
16.454283 -12.704612
16.712155 -12.214638
15.561627 -11.713574
16.486007 -12.204504
15.791794 -10.555929
17.159834 -10.696130
17.436343 -12.094707
16.824958 -11.957909
17.141335 -11.391099
16.553381 -10.542203
17.530843 -10.662198
17.773420 -11.108725
17.954984 -9.677904
18.048808 -10.926444
18.087385 -10.732180
17.781650 -9.975574
18.635561 -10.172025
17.315228 -10.456455
18.097468 -9.733810
18.649874 -8.908017
17.785889 -9.447192
18.143161 -9.992093
17.355962 -9.768834
18.145239 -8.415513
18.578750 -9.172803
17.613141 -9.778760
19.306095 -8.222793
18.669571 -8.796851
18.877608 -7.889499
19.485370 -7.940293
19.627020 -9.055881
18.510390 -7.343385
18.660684 -7.215251
19.362952 -8.259395
18.789611 -6.679194
19.939598 -6.790602
19.507577 -7.088628
19.457469 -6.221735
18.626764 -7.013200
20.207712 -6.465705
20.377317 -7.113047
19.235030 -7.411109
18.838850 -5.682313
19.730260 -6.565773
20.008721 -7.013458
20.012792 -6.549511
20.053516 -6.347471
19.576982 -6.242723
19.103755 -6.463369
20.655763 -4.572552
19.804262 -5.534415
20.049473 -5.898360
19.381430 -5.788134
19.940835 -5.175694
20.500207 -4.105746
19.805855 -5.105817
19.650382 -4.543636
20.875107 -4.473000
19.622216 -4.654881
21.150869 -3.082981
20.232759 -3.424270
21.193161 -3.772096
19.697282 -2.981042
21.423308 -2.781934
20.582003 -3.107295
20.084785 -2.610975
19.898500 -3.075844
21.116013 -2.791361
20.363779 -1.867342
20.566845 -2.183474
19.934706 -1.708198
19.777576 -2.450425
21.032998 -1.647589
19.902327 -2.417871
20.551780 -1.663915
21.529297 -1.417997
21.854813 -1.743570
20.816769 -0.740309
20.517620 -0.440175
20.099225 -1.656583
20.515195 -0.138670
20.719470 -0.973129
20.149119 -0.584297
20.253514 -0.262585
20.936838 0.351460
21.470940 0.199318
20.135159 1.107372
20.866531 0.971784
20.298710 1.101739
21.917627 0.932568
21.187603 1.226285
12.334668 1.814232
12.222492 0.788619
13.075581 0.382775
12.698467 1.669565
13.113586 1.567448
13.328657 2.345006
12.668982 2.269030
13.142329 2.132305
12.382737 2.385132
12.021858 1.652252
12.413022 1.810662
12.434215 1.787826
13.155156 1.401783
13.664623 2.571391
11.962720 1.435605
12.575953 2.412483
13.433174 3.306521
12.993555 2.974540
12.907309 3.511275
12.815994 2.675898
13.068047 2.576824
12.397544 3.965957
11.854485 2.705613
12.377115 2.533932
12.113354 3.498048
12.719471 3.735951
12.875758 3.936340
12.788223 3.467175
12.458827 2.879049
13.542362 3.146151
13.179832 2.949049
12.912790 3.694965
12.468350 3.906279
11.986624 3.374641
12.317771 3.452411
12.238370 3.655234
13.120827 4.652491
12.825493 4.278536
11.962932 4.064219
11.938349 4.759570
12.290277 5.617026
13.111875 4.844531
11.787248 5.827264
12.815466 4.709364
11.943471 5.494996
12.757490 6.020621
12.189904 5.641416
12.280620 6.112912
12.638641 6.090796
11.477799 6.411618
11.297196 5.062285
12.089579 5.412200
12.146035 6.457860
11.282250 5.050318
12.721873 6.756772
12.831146 5.118757
11.463360 6.492843
12.708393 5.287341
12.186566 6.784860
11.363042 6.665757
11.049753 6.752258
12.449213 7.363072
10.784093 7.052917
11.072216 5.887440
11.320343 6.697631
11.254387 7.314171
10.558800 6.341845
10.710095 6.205724
10.932538 7.796579
11.590825 6.450662
10.946562 7.720647
10.850471 6.843221
10.552462 7.450076
12.070137 6.816422
11.815294 7.124077
11.586206 6.748608
10.396749 6.860672
11.649802 7.564294
10.329993 8.610549
10.409208 8.020215
11.625413 7.434281
10.558201 7.139879
11.203418 8.669618
11.362353 7.772654
9.841606 8.692098
9.942452 8.769372
10.539559 7.805814
9.953259 7.818647
10.607732 7.798096
9.277964 8.943727
9.725355 8.643687
10.407785 8.001510
10.163304 9.796998
10.581461 8.923008
9.044020 9.855379
10.048911 9.597889
9.931620 8.525256
9.056060 9.348791
10.118482 8.555187
9.838169 8.741200
9.067932 9.010483
9.607861 9.068378
9.511094 10.430969
8.810134 10.344749
9.146741 9.320586
9.971368 9.821457
9.985944 8.903655
9.840222 10.469958
8.718404 9.626192
8.997993 10.841117
9.092378 10.473492
9.019962 9.913022
8.564846 10.489625
8.403828 10.385042
7.734537 10.037094
7.535522 10.942633
8.392992 11.146910
8.100963 10.980724
8.179116 11.436158
7.783813 10.581197
8.392151 10.584645
8.021136 11.703312
8.576005 11.693883
7.983618 9.899746
7.049536 10.904983
8.497701 11.904919
6.703644 11.924183
6.979260 11.804200
7.084898 10.393512
6.629947 11.769174
6.760840 11.912799
6.408543 10.673339
7.966308 11.760635
7.488673 11.705713
7.674042 10.642678
7.763329 10.750641
6.518423 12.386734
7.429188 10.918762
7.006611 10.796327
6.877649 11.978282
6.362244 12.593830
7.242366 11.682578
7.038969 12.665890
5.447206 11.821486
6.012549 12.457407
5.675540 12.605131
6.261770 12.620682
6.446084 12.151614
5.860436 12.038920
6.022627 11.205017
5.818640 12.152432
4.683120 11.472331
4.755690 11.762443
5.626961 11.617279
5.744012 11.687893
4.815349 11.579884
4.670355 13.038608
5.293757 11.481171
5.184389 12.283369
5.281842 12.557954
3.798282 12.044459
4.320210 13.346154
3.813625 12.345749
5.226113 11.827889
4.974706 13.201205
3.803297 12.420432
4.939541 11.757358
5.001096 12.220869
4.535633 13.609836
3.392230 12.274351
2.940346 12.690519
4.012749 13.402416
3.008287 13.603404
3.250413 12.609552
3.767508 12.362205
2.356434 13.493990
2.230680 12.940779
3.925542 12.725831
3.134005 12.673667
2.692570 13.436596
3.570605 13.365421
2.933190 13.481212
3.516453 11.939222
3.001119 12.632480
2.440511 13.324468
3.052970 13.681937
2.494934 12.356457
1.800914 13.149414
1.457383 12.143593
1.090598 13.776179
1.662963 13.240553
2.430476 12.625771
1.621796 12.227374
1.491104 13.448060
2.366976 13.560681
0.948226 13.647109
0.443769 12.936673
1.587517 13.164221
2.048450 13.509174
1.088588 13.575493
0.535339 12.777989
1.138615 12.410830
-0.163035 13.713573
0.677078 13.536807
0.749328 12.551135
0.182882 12.181626
1.166197 12.030618
0.941954 12.436485
1.100444 12.722829
0.177885 13.229816
-0.437892 13.729145
0.505045 12.801821
0.483856 12.180183
-0.284962 13.004655
-0.979113 12.083345
-0.713377 12.970433
-1.289291 12.315954
-0.685933 12.808130
0.123424 12.067277
-0.888918 13.064679
-0.043568 12.070143
-1.702746 13.541462
-1.456847 13.571039
-2.061857 12.361350
-0.890515 12.281290
-1.171754 13.100430
-0.820850 13.347191
-1.164884 13.133502
-1.132457 12.366140
-1.772534 12.043104
-1.597187 12.509825
-1.076746 12.357583
-1.881125 13.372221
-2.079676 12.180222
-2.141677 13.104489
-2.712319 12.186865
-3.101467 13.502769
-1.582606 11.847275
-3.069510 12.150971
-3.333328 12.148169
-3.539339 11.749388
-2.014086 11.531784
-3.077431 11.572786
-2.921260 11.871778
-2.880583 12.028899
-3.671836 11.995313
-2.963872 13.210598
-2.517314 12.127866
-3.652569 12.720190
-3.223837 12.451786
-4.174226 12.753062
-3.467044 11.370561
-2.988866 12.826667
-4.531424 11.374954
-3.165520 12.738675
-4.242114 12.150017
-3.348928 11.810381
-5.197034 11.613632
-5.008958 11.127781
-4.847099 12.249231
-3.512746 12.496984
-3.741273 11.925102
-4.663102 12.181491
-4.429109 11.845512
-4.116246 11.615635
-4.540780 11.725342
-4.148804 11.947560
-5.504331 11.483822
-4.223087 10.697493
-5.961002 11.606959
-5.170401 11.079863
-4.467233 10.323125
-6.384950 10.593330
-5.719224 11.749657
-5.952498 11.135589
-4.713066 11.782995
-6.439502 10.359728
-4.928129 10.703396
-6.137192 10.422830
-6.024993 9.943344
-5.666419 10.996175
-6.388099 11.003916
-6.654735 10.314699
-6.067900 10.255821
-6.034269 9.744568
-5.876519 11.215644
-6.164820 10.338914
-6.172886 10.447640
-7.347972 9.647752
-7.456858 10.243172
-7.035028 10.501691
-6.153863 9.394105
-6.702578 9.457367
-7.367621 10.457542
-6.316753 9.447301
-7.468595 10.073619
-8.191374 9.242343
-7.970943 9.445399
-7.025881 9.199951
-8.301626 9.579415
-8.397242 8.938071
-7.082693 9.355054
-7.867319 9.625087
-8.661140 9.290455
-8.588279 9.423064
-8.115236 8.160739
-8.109547 8.123105
-7.496596 8.734848
-8.045365 9.436328
-7.755755 7.960807
-8.536207 8.808333
-7.287576 9.302924
-8.965671 9.123334
-7.877868 9.421695
-8.312679 7.819526
-7.853756 8.345517
-7.991443 9.097890
-8.466684 7.951089
-9.137748 8.573117
-9.270562 7.732051
-7.966127 9.022006
-8.906831 8.037387
-9.194908 7.265070
-9.863914 7.822241
-9.157145 8.113998
-9.451289 7.343875
-8.378888 8.139614
-8.217751 6.880639
-9.317125 6.757344
-8.708813 8.108901
-8.400640 7.223156
-9.406292 7.036190
-9.009452 6.537039
-9.862893 6.492249
-9.752527 7.667470
-9.966204 6.581873
-9.855381 6.482101
-9.885203 7.327261
-8.843625 5.851866
-8.833576 6.072878
-9.361369 5.623395
-9.406013 6.074191
-9.920276 6.697584
-8.887508 6.124865
-10.782699 6.400966
-10.740923 5.997700
-8.988438 5.069368
-9.464111 6.135328
-10.311908 5.235410
-9.200831 5.039871
-10.202334 5.241309
-9.218307 5.882927
-9.242378 4.507793
-10.749652 5.724904
-10.711371 5.640820
-11.235711 5.904686
-9.370016 5.949326
-9.998728 4.765629
-10.144586 5.103279
-11.387430 4.906569
-11.095490 4.853805
-11.366932 4.610031
-9.890563 3.778211
-9.897894 4.777847
-11.378115 5.141822
-11.235024 3.639211
-10.241364 4.412907
-10.146967 3.498962
-10.186964 3.820358
-11.518867 3.075603
-10.451418 3.877185
-10.690662 4.202277
-10.185860 3.797407
-9.747507 2.995175
-11.465490 2.922750
-11.270350 3.218543
-11.439919 3.508680
-11.771468 3.521690
-11.370175 3.125602
-10.069161 2.458818
-11.070964 2.595529
-10.528106 2.613217
-11.430342 2.313010
-10.905827 1.579696
-11.552044 2.429244
-11.089567 1.427367
-10.517166 3.242681
-10.665147 2.091965
-11.684219 1.620371
-11.893577 2.596938
-11.578591 2.217796
-11.482473 2.270085
-11.108792 1.001786
-10.078503 2.403773
-11.458362 0.678309
-11.813157 1.528433
-10.365087 1.022378
-10.963233 1.007012
-10.470684 1.185846
-11.008644 1.277903
-10.264678 1.501759
-11.069214 1.200017
-11.287320 1.567566
-10.928199 0.379814
-11.681699 0.388911
-10.656863 0.111213
-10.807130 1.185672
-10.317997 0.086839
-10.032188 -0.247353
-11.182885 0.547711
-10.687390 0.761925
-11.036385 0.836800
-9.984596 0.325837
-10.550613 -1.116377
-9.977348 -0.923796
-11.625656 -0.954742
-11.289955 -0.353233
-11.509937 -1.100644
-11.656243 -1.543203
-11.166395 -0.545033
-11.342635 -1.655701
-9.985804 -1.153932
-11.768163 -1.465232
-11.599047 -1.861315
-11.689883 -0.534428
-11.677332 -1.972548
-10.674677 -0.983320
-11.171754 -1.154853
-11.540195 -2.292590
-10.411231 -1.679145
-9.769368 -0.918262
-10.472307 -2.895761
-10.411571 -1.553375
-11.110585 -1.576497
-10.849566 -1.615461
-10.122773 -2.539027
-10.449454 -2.297663
-10.887280 -1.925994
-10.103869 -2.125034
-10.745500 -3.229318
-10.787303 -1.799680
-10.911044 -3.830995
-11.218699 -3.259235
-9.920144 -3.696811
-10.286607 -3.510808
-10.984542 -2.996432
-9.982991 -3.888444
-10.411531 -3.762030
-10.784804 -4.396268
-10.746281 -4.070675
-9.602911 -2.801071
-9.584754 -3.119789
-9.097743 -3.036092
-10.650366 -3.337512
-9.312395 -4.447010
-10.183013 -3.215872
-9.396054 -4.336827
-10.573203 -3.404885
-9.143961 -3.788119
-9.462206 -4.319661
-10.501571 -3.877412
-10.027813 -5.214289
-9.910299 -3.989715
-9.037080 -5.427954
-8.839788 -3.989372
-9.300568 -5.066654
-10.284452 -4.230760
-10.089438 -4.406956
-8.954565 -4.895980
-8.379541 -5.532580
-9.514680 -6.115740
-9.478811 -5.211691
-8.298014 -5.983480
-9.396970 -5.596995
-9.442498 -6.102776
-8.257832 -5.065672
-9.082514 -5.183580
-7.858512 -6.400590
-7.968229 -5.785536
-8.549078 -6.925838
-8.581751 -7.084096
-8.305201 -7.049466
-8.211625 -6.333188
-9.359756 -7.218581
-9.395755 -5.521720
-9.353127 -7.380811
-7.791608 -6.566082
-8.695302 -6.044904
-7.540639 -6.806429
-8.449134 -6.424729
-7.699454 -7.195265
-8.094958 -7.863380
-8.672756 -6.302381
-8.634792 -7.705033
-8.605840 -7.566535
-8.685303 -7.050817
-7.080305 -7.937358
-7.691081 -7.025798
-7.557490 -6.664650
-8.156383 -6.676306
-7.275767 -6.905792
-7.527948 -7.502209
-7.560963 -6.784648
-6.906444 -6.955043
-7.654162 -7.494715
-6.233195 -7.764941
-7.242786 -7.492134
-7.198305 -7.297125
-6.051045 -8.992751
-6.027408 -7.786330
-7.472238 -7.195786
-7.463559 -9.194511
-5.955568 -7.786277
-6.324198 -8.785478
-5.797840 -7.890752
-5.842259 -7.662092
-6.721187 -8.313789
-6.641218 -7.961279
-5.357685 -8.314500
-5.939312 -8.475561
-5.120522 -8.258041
-5.123674 -8.925687
-6.266323 -8.685289
-6.616816 -8.870586
-6.311031 -8.134061
-5.214987 -9.805032
-5.395996 -10.021891
-6.026686 -8.587359
-5.436749 -9.598015
-5.072277 -8.284318
-5.888862 -8.471932
-5.881545 -9.816908
-4.911665 -9.052291
-4.928685 -8.521044
-5.578427 -9.530014
-5.737376 -10.473445
-5.724370 -9.998144
-5.134760 -10.157436
-4.322503 -10.396271
-4.995914 -10.196969
-3.738132 -9.018728
-4.380588 -10.618466
-5.160622 -8.875306
-4.298280 -9.374135
-4.072562 -10.440241
-4.688939 -9.338378
-3.008910 -10.656995
-3.866767 -9.988238
-2.939661 -9.894551
-3.342219 -9.924067
-3.604589 -9.927276
-3.740036 -9.674877
-2.506191 -9.212964
-4.041294 -10.494413
-3.716601 -11.228106
-2.876180 -10.238232
-3.773013 -9.687948
-2.931794 -11.314026
-2.917425 -9.678986
-2.337745 -9.639468
-2.743428 -9.572009
-2.422359 -10.747465
-2.429247 -11.096062
-2.872837 -10.972328
-1.306385 -10.276257
-2.660472 -10.935395
-2.367172 -9.749139
-1.081440 -11.436949
-2.368549 -9.949432
-2.779148 -10.814185
-1.062614 -10.373681
-0.866038 -9.898295
-2.392073 -10.451457
-1.651984 -11.701144
-0.863139 -10.184278
-1.711115 -10.916068
-0.318504 -11.035310
-1.225003 -10.132639
-1.807814 -11.100972
-1.511380 -11.716386
0.102609 -10.709134
-0.715462 -10.419969
-1.351805 -10.241238
0.178465 -10.693806
-1.245957 -9.920003
0.610432 -10.528649
-0.571403 -11.063814
0.354719 -11.177452
0.726521 -11.803865
-0.338980 -11.203539
-0.760631 -10.185849
0.160500 -10.739098
0.279295 -10.710369
-0.158591 -11.562111
1.284361 -11.468570
0.294275 -10.485035
0.062302 -10.410902
0.012548 -10.313307
1.312047 -11.627975
1.584956 -10.503427
0.370848 -11.160093
1.520184 -10.186345
1.450689 -11.482111
2.216324 -10.759764
2.427519 -11.832747
2.305311 -11.666106
1.334634 -10.646157
0.888073 -10.227544
1.793445 -10.782191
1.328641 -11.340635
2.169514 -11.579326
2.185224 -10.486161
2.538703 -11.763204
3.232641 -11.130888
2.713456 -11.109558
2.306793 -11.422771
1.842987 -10.989345
2.941604 -11.054679
2.840774 -10.108133
2.781306 -10.587603
3.192376 -10.043251
3.576060 -11.509294
2.266757 -11.705510
3.933735 -10.610973
3.728358 -10.791704
3.349997 -11.501699
3.578423 -10.713897
2.663852 -9.984312
4.275015 -10.302243
3.277157 -10.160855
3.218124 -9.914585
4.605380 -10.574987
3.114179 -10.271747
4.177713 -11.281520
4.944863 -9.592794
4.917737 -10.372004
4.587253 -10.503280
3.973702 -11.011988
4.866701 -11.309948
5.529277 -9.911509
4.378888 -9.777820
5.310225 -10.107711
4.217889 -9.757644
5.687375 -10.680263
4.419274 -9.961571
5.744177 -9.244067
4.581348 -10.529954
5.045490 -9.272307
5.219645 -9.310049
5.398467 -9.786056
5.319790 -10.146105
5.773784 -10.081602
6.679577 -10.923333
5.774380 -9.116517
5.094248 -10.018220
5.803607 -10.381792
6.898755 -9.053583
5.723763 -9.303706
7.256194 -10.277364
6.491382 -10.326393
6.934701 -9.718863
7.498824 -9.311954
6.126354 -9.158180
7.130418 -8.794728
6.357715 -9.005394
6.086839 -9.195655
6.523696 -9.195115
7.976977 -10.264072
7.794115 -8.717952
7.404718 -9.264733
7.790676 -9.500923
7.577844 -8.730797
6.586274 -9.290013
7.397607 -8.755719
8.451871 -9.984765
8.570808 -8.845194
8.019807 -8.802840
7.849918 -8.849932
6.974508 -8.038548
7.855142 -7.753258
7.320702 -8.382350
8.619628 -8.235709
8.599840 -9.371564
9.327075 -8.115970
7.489444 -8.706986
7.878889 -7.982676
7.965794 -7.683378
8.862414 -8.066044
8.609281 -7.582177
9.384971 -8.848668
8.249616 -7.827896
7.949989 -8.485156
9.709576 -8.671804
9.655130 -8.074254
9.024932 -8.133486
9.260510 -7.651908
9.331223 -8.411633
9.112964 -8.548456
9.582725 -7.105597
10.273512 -6.676750
9.520234 -7.084644
9.830488 -6.675825
8.742735 -7.276365
9.421256 -7.293916
9.555222 -8.020633
9.696945 -7.276738
10.247354 -6.943200
9.561227 -7.379249
9.353996 -7.217563
10.200881 -7.709641
11.019541 -7.373896
10.742961 -6.763528
10.487046 -6.121118
11.292295 -6.685044
9.417833 -6.395807
11.085335 -6.224279
9.962751 -5.433304
10.950515 -6.254283
9.924774 -6.095548
10.121846 -6.454243
10.181678 -4.991849
11.273077 -6.147909
9.883648 -6.532912
10.812662 -5.177004
10.812930 -5.496503
10.315584 -5.512422
10.140296 -4.628037
12.067418 -5.329880
10.770683 -5.712428
11.704867 -5.351969
11.962667 -4.393181
10.674591 -5.690841
12.325993 -5.011463
11.321942 -5.445973
12.399087 -4.967053
10.659251 -5.020894
11.144010 -4.990953
12.450523 -3.635918
10.753741 -5.071129
12.161517 -3.457946
11.986067 -5.082446
11.568969 -4.846605
12.768190 -5.154072
12.185607 -4.512117
11.910125 -4.466180
11.847239 -3.480973
12.554655 -3.754196
12.241439 -3.503927
11.941949 -4.246405
11.344797 -3.762126
11.638710 -2.704683
13.089659 -2.667534
11.230691 -4.262043
12.801946 -2.674315
12.388863 -3.571047
13.267256 -2.904200
13.274181 -2.272403
11.400634 -2.676203
12.574088 -2.411864
12.703781 -2.370349
11.914513 -2.131338
12.465792 -2.940960
12.492799 -2.181256
11.649884 -1.452281
12.076770 -1.320226
11.802885 -2.626155
12.688358 -1.292504
12.004374 -1.141357
12.184734 -1.255155
12.727233 -1.062989
12.165002 -1.511605
13.018407 -2.100346
11.782788 -2.393250
11.983575 -1.568854
12.243870 -0.895698
12.562141 -1.101741
13.232073 -0.320120
13.301748 -1.843545
13.697944 -1.053817
13.279486 -0.768972
12.655273 -1.067714
12.303200 0.207910
13.707951 -0.282559
12.381577 0.116720
12.402762 -0.512844
11.979929 -0.512019
12.531933 -0.592675
13.132736 -0.674028
12.766828 0.326011
12.508945 -0.294114
13.876563 -0.661818
12.498242 0.047834
12.413760 0.703902
12.691074 1.389337
13.288074 0.418542
13.280915 0.842512
12.458914 0.617579
13.996988 1.265416
13.865210 0.616539
13.238593 0.187373
5.922392 1.232599
5.699140 0.240714
4.074750 2.044622
5.591331 0.353195
4.616465 1.524111
4.888167 1.406594
4.078703 1.687359
4.150930 0.696558
4.911815 0.340900
4.991806 1.746869
5.773666 1.965814
5.645668 1.948857
4.890758 2.368598
5.790732 1.586462
4.525085 2.002019
4.561324 1.417376
5.465297 2.341735
4.466338 2.323948
5.519189 0.740605
4.105877 2.082688
5.024087 2.061700
4.586778 0.935108
4.403889 2.200881
4.343045 2.014560
5.820442 1.214573
5.112535 2.779217
4.825824 1.538863
4.833155 1.714719
5.877492 1.848374
5.032478 2.025296
4.904569 1.563418
5.151919 2.218126
4.585565 2.343991
4.293253 1.657152
4.206002 1.782952
5.378132 1.794609
4.646377 3.083307
4.103191 2.861963
4.913190 2.619849
4.184128 2.833081
4.181635 2.088006
4.524092 2.663527
3.997453 1.819049
5.059786 2.567846
5.511237 3.340227
5.708775 1.450079
3.810076 2.277792
3.898404 2.271122
4.654175 1.938748
3.772195 2.797856
3.942391 3.499129
5.141938 2.738050
4.965011 3.287607
4.640466 3.277823
5.615344 3.153097
3.670869 1.867976
5.038143 2.825670
5.104705 3.463268
4.514070 3.205643
4.307353 3.201350
3.798467 2.238895
5.000923 2.473721
4.504770 2.416079
3.575129 2.710632
5.109604 3.096358
3.603127 2.022306
5.199337 2.992473
5.263481 2.829430
3.473962 3.348738
4.648903 2.277682
3.882670 2.839055
4.183660 3.383762
4.723010 3.564921
4.216208 3.757430
4.217070 2.423491
4.070635 3.297601
4.248955 2.968031
4.385285 3.246801
5.200340 3.079955
4.842941 3.889080
3.453900 3.610039
4.970808 3.686582
4.176968 4.242420
4.737452 4.322914
3.634261 4.208409
4.353963 4.357184
3.763360 3.776056
3.582673 3.299623
3.460218 3.923788
3.450769 3.525863
4.750447 4.437684
4.159294 4.388548
3.455601 3.785024
3.066233 4.002450
4.204138 4.231128
3.647211 3.464783
3.678713 3.488617
4.098455 4.270341
2.911733 3.605032
3.622879 4.662028
3.912141 2.959843
3.724642 3.711277
3.484998 3.789433
4.121664 4.814593
2.818578 4.843107
3.228250 3.263882
3.199680 3.914876
2.896344 4.975896
4.390373 4.853614
4.328565 4.245326
3.108800 3.982469
3.466743 3.845443
3.024558 4.642078
3.284451 3.589968
4.405762 4.544927
2.497751 4.314105
3.823027 3.770180
4.054009 3.540183
2.442437 3.773618
3.196399 5.088307
2.962875 5.184000
3.741967 4.701310
2.611274 3.509993
3.151820 4.377940
3.748225 4.062091
2.897035 4.695472
3.339142 4.125163
2.972999 4.312618
3.465611 3.511626
3.163318 4.361294
3.531341 4.585091
3.637809 4.341369
2.635690 4.271914
3.098862 4.170001
2.753366 5.044569
3.304267 3.554394
2.565913 3.581022
3.545309 4.571503
3.517893 3.715663
1.915112 4.621803
1.855068 4.878943
1.810134 5.487001
3.037511 4.730201
3.696771 3.623420
3.293182 5.610985
2.511798 5.572093
2.868768 3.669962
3.273867 4.404689
2.999997 3.914934
1.558679 4.596269
2.754423 4.639174
2.522565 4.399273
2.203765 5.352746
2.519441 3.759347
1.464829 3.938785
2.855415 5.553471
3.188084 4.473978
1.712078 4.032251
1.612775 5.685483
3.170493 4.875506
1.878821 5.339256
1.222641 4.364975
3.013552 5.483759
1.513661 5.718146
2.071141 3.916732
1.649553 4.272264
2.939849 4.552861
1.779383 5.288421
2.488850 4.349693
2.173086 5.651561
1.120693 4.856573
1.859742 4.577762
1.972267 5.135985
0.843000 5.656561
1.978668 4.824975
1.375042 5.252878
2.614038 4.261518
1.574712 5.549554
0.762907 5.101681
2.570553 5.529939
0.867468 5.686556
1.594605 5.255189
1.962288 5.411780
0.989257 4.679758
0.567394 4.123141
1.889721 5.569106
1.111995 5.000777
2.117823 5.635088
2.074844 4.470934
0.511130 5.560123
1.066729 4.126073
0.666148 4.650305
1.390526 4.107180
1.383915 4.909204
0.244171 5.073084
0.493501 4.774834
0.304748 4.055390
0.321161 4.772193
1.380376 4.631433
0.569861 5.373156
1.340327 5.805160
0.135031 5.739602
0.784385 4.747676
1.060401 5.815059
1.637912 4.262952
1.533234 5.829389
1.350857 4.848481
0.268601 5.302736
1.287024 3.997553
0.384354 5.544921
-0.000531 4.692419
0.964219 4.075814
0.684654 5.952361
0.977121 5.484714
-0.116173 5.642703
1.116045 5.062208
0.871034 5.415571
-0.503726 5.297754
0.706219 4.736989
0.190052 5.836390
0.888344 5.602469
0.889300 3.991248
-0.487950 4.928595
-0.606451 5.050000
0.441815 5.743465
0.418114 5.293013
0.347771 4.405253
-0.162153 4.121912
-0.206532 4.226548
0.198363 4.327342
0.829427 4.158546
0.313569 4.994676
0.800343 4.353190
-0.664109 3.959713
-0.361274 5.550922
0.779710 4.576786
0.149216 5.687874
0.139242 5.699090
-0.558724 3.823050
0.466546 4.846387
-0.911433 5.612264
-0.239311 3.975592
-0.482831 5.245861
-0.884851 3.894636
-0.208723 5.727784
-0.516695 5.364395
-1.262107 5.696771
-1.448276 4.673689
0.424755 5.033269
-0.393363 3.886423
-0.486450 4.632808
-0.169966 3.882001
-0.122726 5.614238
-1.490577 4.275698
0.150817 3.961791
-0.381601 4.602982
0.162326 4.902967
-0.820980 3.931292
-0.178119 4.086834
-1.464326 5.417975
-1.087024 4.382742
-0.085301 4.597849
-0.155945 5.385536
-1.520513 4.126102
-1.477631 5.222638
-0.080435 5.444442
-0.301070 3.930645
-0.566586 5.247802
-0.105984 4.759665
-1.553759 4.185253
-0.341776 5.178120
-2.073016 4.226004
-1.165692 3.982398
-0.418111 3.931533
-1.325565 3.801161
-0.376455 3.496231
-0.380727 4.788009
-0.420382 3.846356
-0.581573 3.320849
-1.572529 4.792398
-1.397233 5.121386
-0.705452 4.308561
-0.532188 5.137801
-0.563033 3.702993
-1.570292 3.569143
-1.134751 3.208446
-1.327331 3.273481
-2.154960 4.420528
-2.188510 3.692450
-1.315484 3.460954
-0.756032 3.562387
-2.354613 3.249376
-2.084183 3.418256
-2.589577 3.373157
-1.360000 4.858293
-0.898473 3.471429
-2.034618 3.444263
-1.862740 4.452140
-2.669251 3.749195
-2.030865 4.641277
-2.394266 2.906346
-1.866027 4.090015
-1.835872 3.215556
-2.184740 3.281881
-1.446590 3.322864
-1.142230 2.742538
-2.287934 3.586987
-1.022556 3.265905
-2.308609 4.311783
-1.681085 4.107996
-2.471696 3.778890
-1.214712 3.297257
-2.796290 4.066443
-2.135263 3.285319
-1.762777 2.539872
-2.161400 3.984775
-2.913679 3.710043
-2.891556 2.607723
-2.712783 3.808126
-3.024495 3.839157
-3.165641 4.072056
-2.005014 3.649979
-3.175301 2.884217
-1.446916 2.676606
-2.833488 3.999427
-2.379850 2.284683
-1.773305 3.191073
-2.635795 2.733699
-2.651832 3.407669
-3.256064 2.836858
-1.845917 3.277141
-2.420037 2.852834
-3.210957 2.251119
-1.491976 3.432636
-2.420844 3.787874
-2.273976 3.781664
-2.689988 2.366680
-2.319464 3.151723
-2.202568 3.120196
-1.643192 3.155963
-3.287115 3.525698
-3.467473 2.716275
-2.526311 3.631870
-2.999118 2.541538
-2.671722 2.607795
-3.358202 1.992970
-3.495337 1.790486
-2.893001 1.674018
-2.073272 2.160938
-3.144551 2.184911
-3.295558 2.113342
-2.137643 2.064880
-3.518837 2.947357
-3.379405 2.095579
-3.139428 2.639034
-2.066396 2.245523
-3.477527 1.902474
-2.306031 2.480404
-2.088749 1.502946
-3.698950 2.448603
-1.964651 1.838020
-2.384745 1.664326
-2.639582 2.920200
-1.934629 2.046588
-2.348470 1.381693
-2.754500 2.279282
-3.186364 2.658755
-3.176415 3.005390
-3.527245 2.307541
-2.654240 1.025415
-3.883639 1.433629
-3.159724 2.145009
-2.309263 0.990277
-3.099651 1.799749
-3.106793 1.305744
-2.806977 2.307447
-3.614866 0.982775
-2.953434 2.340655
-2.749720 1.384009
-3.813957 0.760145
-2.438328 2.211935
-3.923941 1.402091
-3.469210 2.464511
-3.349422 0.947409
-2.060175 1.438423
-2.158269 1.564605
-2.930437 2.041814
-3.576829 1.008353
-2.865889 1.384291
-3.889300 1.398486
-2.659864 1.892166
-2.209183 2.037926
-3.653908 2.113473
-3.464949 0.684798
-3.210766 0.300505
-2.584388 1.047734
-3.936417 2.092536
-3.232873 1.242152
-3.321967 0.919489
-3.703578 0.060093
-3.996153 0.441073
-2.458668 0.427163
-2.836842 1.293679
-3.019857 0.004538
-2.229024 0.680633
-2.045644 1.095659
-2.100729 0.881398
-3.575129 1.473261
-3.541373 -0.068769
-3.018261 0.768937
-3.322144 -0.213187
-2.276705 -0.355529
-2.374244 0.501945
-3.177670 -0.166540
-3.722745 -0.330635
-3.490536 0.479114
-2.092632 0.334200
-2.130682 0.123965
-3.887319 0.059650
-3.142448 -0.320011
-3.424789 1.026066
-3.117733 0.873252
-2.632719 -0.388071
-2.975723 0.630151
-2.252734 0.482481
-3.001006 0.608644
-3.113535 0.384317
-2.814142 0.037401
-2.367546 0.027158
-2.245711 0.674289
-2.875526 0.988014
-3.783548 -0.979671
-2.306592 -0.765655
-2.403297 -0.138077
-3.527909 0.854781
-2.206279 -0.419600
-2.935014 0.138515
-3.144510 -0.656825
-2.110073 -0.919100
-2.171691 -0.842708
-3.085461 -1.063330
-2.100700 -0.311119
-3.155167 -1.282778
-2.942533 0.246245
-2.079125 -0.402882
-2.264077 0.179593
-2.019144 0.028820
-2.885063 0.328370
-3.213600 -0.073246
-2.068415 -0.624838
-3.602107 -0.079261
-3.535283 -0.324381
-2.775638 -0.940263
-1.669395 -0.595660
-3.561238 -0.834581
-3.614181 0.164173
-2.546037 -0.472863
-3.541282 -1.161191
-2.940863 -0.605233
-3.094126 -1.035420
-2.460666 -0.958953
-3.222307 -0.124620
-3.177455 -0.883641
-2.078442 -1.673260
-2.787165 -1.484333
-2.318429 -1.191832
-2.429807 -1.837360
-2.576453 -0.159329
-1.661378 -1.360000
-2.784101 -0.891216
-1.752378 -1.820792
-3.343171 -1.080534
-1.587665 -1.544096
-3.039224 -1.837957
-3.282614 -1.047328
-3.314285 -0.588585
-2.277903 -1.668464
-1.612554 -1.717657
-2.426657 -1.210434
-1.747768 -0.685327
-1.265908 -1.461674
-2.424359 -1.379260
-2.586646 -0.846530
-2.674024 -1.595365
-1.837032 -0.753869
-1.882322 -1.390625
-2.523016 -1.053273
-1.855432 -1.929879
-2.248920 -1.742262
-1.149412 -2.523849
-1.302553 -1.328740
-2.214684 -1.219361
-1.802511 -1.382068
-2.421712 -0.725164
-1.337224 -1.651515
-1.077343 -1.951519
-2.061883 -1.511188
-1.727053 -2.740588
-1.326738 -2.718689
-2.124505 -1.630339
-0.946629 -2.255203
-1.113346 -0.920896
-0.908235 -2.840040
-2.252868 -1.866849
-1.390460 -2.603860
-1.746758 -2.595339
-2.142203 -1.577133
-1.803293 -2.771232
-2.339536 -1.502231
-2.030698 -1.200723
-1.642662 -2.150069
-1.443695 -1.802517
-1.027553 -1.128800
-2.013456 -2.567091
-1.361311 -1.757476
-2.375240 -1.836206
-0.575171 -2.234323
-0.826610 -1.574199
-1.661182 -2.707058
-0.698542 -2.062016
-0.491303 -2.028029
-1.662935 -2.050300
-1.541996 -2.608914
-0.940925 -2.995951
-0.511029 -2.318375
-1.173361 -1.517589
-0.848570 -2.386042
-2.068003 -2.556194
-0.548555 -2.689943
-1.286708 -2.858269
-1.810178 -2.522181
-0.169077 -2.589550
-0.345159 -1.546121
-1.443909 -2.428187
-0.679325 -1.875653
-1.571736 -1.515719
-0.045537 -1.963116
-0.388774 -2.517497
-1.831125 -1.717445
-1.378018 -2.456363
-0.131030 -2.112296
0.060569 -2.981558
0.190764 -1.815401
-1.295143 -2.634658
-0.453519 -2.814615
-0.104311 -1.931102
0.086736 -2.239133
-1.135171 -3.554137
0.409097 -1.814600
-0.222675 -3.383847
-0.109490 -1.750201
-1.260045 -1.872423
-0.378636 -2.994205
-1.347295 -3.618531
-0.893895 -3.695068
-0.145345 -1.847151
0.118658 -2.977661
0.007308 -2.053897
0.416227 -3.642492
-0.528973 -2.793152
0.620944 -3.350797
-0.101498 -3.721601
-0.643694 -3.659773
-0.158492 -2.290820
0.830280 -2.807878
0.257630 -3.588367
-0.494827 -2.702675
0.739909 -3.866235
-0.341982 -3.445173
0.068681 -2.790507
-0.904979 -2.345122
1.075594 -2.877502
0.290440 -3.351463
-0.532468 -3.384360
-0.067302 -2.411403
-0.606747 -3.137044
0.705608 -2.654246
0.034416 -3.281231
-0.105736 -2.453116
-0.100314 -3.186179
-0.402235 -2.542514
-0.077540 -2.520529
-0.220513 -3.124690
1.426209 -2.467422
1.188501 -3.073729
1.234065 -2.916499
1.232524 -2.516008
-0.195678 -2.608249
0.028369 -2.508063
0.389648 -2.607112
0.678519 -3.853018
0.967033 -2.645073
0.868495 -2.777905
1.472369 -2.036681
1.125589 -3.059224
0.507738 -3.595222
0.103345 -3.303969
1.275397 -2.100419
0.740580 -2.489294
1.691797 -3.575833
0.645687 -3.576703
1.158669 -2.874160
1.890468 -3.904777
1.389667 -2.261965
0.781002 -2.178063
1.373362 -3.614419
0.320156 -3.076536
1.344657 -2.757956
1.695350 -2.007488
0.661446 -2.047226
0.471362 -2.579947
1.393622 -3.752960
1.204018 -2.682617
1.686974 -2.927802
0.641133 -2.611069
1.188916 -2.439454
0.873922 -2.314430
1.894876 -3.630802
0.847177 -2.228378
2.111814 -2.508555
1.048437 -3.385028
1.316034 -3.541091
2.277914 -3.496986
2.609467 -2.530291
0.906361 -3.495332
1.665297 -3.537233
1.996981 -3.440972
2.474843 -3.681122
1.350785 -3.678712
1.351262 -3.273167
1.453988 -3.050812
1.178511 -2.992707
1.608891 -1.960303
2.373330 -2.884544
2.474908 -2.724829
1.996695 -2.843396
1.787291 -1.986260
2.469373 -1.932243
1.259918 -2.566012
1.275380 -3.786346
1.882831 -2.786612
2.051527 -3.241639
3.268948 -2.859580
2.973188 -3.411173
1.766414 -3.516845
1.667339 -2.157648
2.844690 -3.233978
2.341963 -3.340881
2.594815 -1.760345
2.155948 -2.828680
2.464791 -2.185143
2.492335 -2.296010
2.619680 -3.363619
2.648655 -2.438484
2.916874 -1.646413
3.202251 -2.717541
2.284377 -2.390049
3.240558 -2.250239
2.045659 -2.693668
2.310026 -2.763503
2.784562 -1.729317
3.052921 -2.683241
2.410876 -2.280283
3.134775 -2.563286
2.653952 -3.382260
2.195579 -1.969140
3.485202 -2.796191
3.321126 -1.864385
3.024722 -2.475675
2.628203 -2.514077
3.997482 -2.112469
3.770899 -3.147452
3.656139 -2.984669
3.308882 -1.551521
3.053810 -1.721020
2.392298 -3.156865
3.485868 -2.461013
4.231393 -3.129147
3.806421 -2.243687
3.654039 -2.299155
3.327311 -2.543679
3.837504 -2.342646
3.399472 -2.118760
4.008457 -2.601408
2.621937 -1.346842
4.455176 -2.597246
2.637223 -2.735624
3.506290 -1.121771
4.007485 -1.329526
3.950157 -2.441052
2.632461 -2.004765
3.832547 -2.378956
3.856897 -2.763050
3.182138 -1.692374
3.077320 -2.648626
3.745269 -2.144483
2.845277 -1.661309
2.820424 -1.208362
4.146040 -2.363195
3.229747 -2.594324
3.312450 -1.237439
3.863684 -2.625624
3.167217 -1.217286
4.663260 -1.031513
3.732117 -2.306077
3.934186 -2.209660
4.106272 -1.830281
4.351335 -1.218744
4.452242 -1.366187
4.591031 -2.098722
4.455497 -1.785662
4.784374 -0.680835
3.131374 -2.336933
5.104923 -2.351689
4.331617 -1.835112
3.681648 -2.260970
3.227525 -0.580096
4.238872 -0.452319
4.018061 -1.242725
4.289198 -1.377526
3.730481 -1.097791
4.395667 -0.678111
3.692247 -0.739595
5.253677 -0.884721
3.542066 -0.415327
5.058688 -0.985345
3.576102 -1.528392
3.996769 -1.764618
4.455151 -1.701804
4.713902 -1.207883
5.339636 -1.030442
4.940877 -0.816116
3.707606 -0.943465
4.563277 -1.014349
3.657440 -0.702989
5.148746 -0.581413
5.248010 -0.268577
3.964754 -1.162829
5.055297 -0.018767
5.059576 -1.771634
4.167414 -0.234097
4.615005 -0.561225
4.553960 -0.317295
5.122772 -1.208268
5.046371 -0.023604
3.657336 -1.426827
4.559667 -0.828712
4.495080 -0.728272
3.692304 -0.676683
3.883035 -1.066868
5.585194 0.415602
4.724257 -1.412776
4.890312 0.481140
4.086394 -0.491281
5.383982 -0.493645
4.352241 -0.359793
5.464000 0.647664
5.132922 0.108040
5.359523 0.312891
4.620692 0.387431
4.436335 0.191917
5.003496 0.088258
5.285980 0.731111
4.757165 -0.296614
4.058213 -0.324448
5.336513 -1.008376
5.151773 -0.246281
4.174487 0.637165
5.598044 0.373469
5.204876 1.009668
5.879655 0.150601
4.041948 0.649702
5.479241 -0.284971
5.477180 0.478787
4.227030 0.022570
4.405767 -0.146098
5.105867 0.865079
4.014619 0.251915
5.134283 0.386434
5.932662 -0.477526
4.533495 1.164315
5.404524 1.269368
5.480812 0.189062
5.951602 0.833897
4.046377 0.944326
5.664584 0.603955
5.739975 1.206374
5.319043 0.121190
5.799258 -0.165634
4.772032 0.005551
4.601737 1.358959
5.550870 1.581883
4.517397 0.340878
5.071270 1.291038
4.977292 0.084220
5.633857 0.138900
4.456931 1.048142
5.219010 1.798179
4.422847 1.767585
5.449225 1.908791