400
2
-124.231651 -124.030144
-125.400108 -123.815819
-124.795609 -124.452507
-125.996849 -125.959030
-125.715691 -125.983261
-126.854424 -123.463753
-125.086624 -124.884300
-124.954422 -123.950211
-125.349960 -125.247665
-125.149467 -125.481186
-124.154472 -124.668007
-125.597221 -126.464073
-126.232216 -124.866051
-124.979889 -123.405876
-124.975548 -124.600945
-125.900650 -124.711639
-125.023064 -126.552383
-124.087776 -127.060379
-123.058815 -123.709305
-125.325523 -123.659370
-125.443695 -124.097336
-123.837059 -125.198708
-126.108032 -124.688461
-126.146011 -126.894760
-125.741318 -126.163017
-127.398186 -124.729988
-125.859108 -124.784752
-126.612320 -125.052162
-125.782730 -123.815369
-126.120621 -123.434402
-125.155678 -124.219955
-125.002289 -124.153717
-126.305145 -124.255692
-123.149574 -127.268661
-125.441254 -124.977806
-124.807190 -125.022850
-124.198105 -126.475723
-125.312569 -124.776932
-126.047409 -125.994568
-126.352654 -126.939934
-124.056953 -125.461243
-124.934593 -125.243813
-123.482315 -126.680389
-126.284401 -125.722809
-124.765327 -126.704803
-123.359619 -124.863914
-124.541740 -124.995789
-125.145905 -125.666359
-124.112724 -124.274986
-125.590958 -125.480621
-126.063873 -125.270973
-126.615891 -125.971359
-125.020042 -124.256706
-124.468307 -123.694870
-124.243507 -125.172699
-124.968529 -125.667526
-124.547882 -126.221001
-124.331139 -123.974777
-123.741325 -125.852272
-126.151764 -123.987892
-123.017433 -127.163536
-124.403259 -123.887497
-123.263474 -125.011971
-125.770737 -125.759605
-125.141106 -123.456207
-124.001869 -125.757713
-122.325829 -126.152428
-124.424583 -124.295601
-124.013435 -124.814240
-124.466652 -125.351845
-124.976982 -124.121826
-126.934227 -123.961868
-125.422218 -124.898544
-124.406441 -123.782906
-125.241196 -126.272224
-125.816429 -125.316902
-123.993988 -124.825005
-124.384453 -123.702606
-125.531410 -127.996574
-125.788033 -123.085434
-125.038200 -126.940598
-124.274200 -126.139687
-124.688850 -124.694771
-124.967850 -124.263245
-123.752769 -124.574402
-124.070534 -124.258354
-123.884583 -123.179092
-124.373070 -124.189690
-123.572357 -124.810760
-123.851555 -125.117760
-126.296051 -124.921661
-123.921722 -125.725761
-125.031425 -123.313416
-125.511246 -125.068077
-124.194641 -126.385208
-123.473503 -124.934219
-126.190521 -124.425423
-125.116524 -124.688835
-124.254112 -124.819664
-124.135719 -125.304672
125.523956 -124.869720
123.920029 -125.812729
126.735809 -125.634949
125.335915 -125.108444
125.143616 -125.600609
123.977699 -126.358253
123.918480 -122.880318
125.057793 -126.002426
123.733513 -126.198677
124.641991 -125.047966
124.715317 -124.504585
124.545120 -125.971649
125.466064 -124.119606
125.334694 -123.434883
125.063820 -124.722839
125.264183 -124.222206
123.344688 -124.770309
125.407455 -124.475380
124.809387 -125.313622
125.147018 -125.582611
122.856903 -125.450241
123.958344 -125.767456
123.359550 -124.615181
124.826324 -125.097305
125.797363 -123.357941
125.172729 -124.290718
125.563835 -123.462311
125.151955 -126.173302
123.692505 -125.385002
125.653229 -125.534134
125.243553 -124.650978
125.277534 -123.161148
124.850632 -124.960770
127.049263 -125.694893
123.037285 -125.784477
125.203445 -125.360512
125.232086 -123.633026
124.692856 -124.448433
124.602982 -125.555481
125.430161 -124.851028
126.016106 -124.850662
124.838821 -124.888062
123.906242 -125.109581
126.653717 -125.181702
125.862473 -125.192848
124.557152 -125.305756
124.114395 -124.225601
124.292061 -124.737404
123.722351 -125.150421
125.910759 -124.019104
126.189194 -125.506363
123.458099 -124.828926
125.319649 -125.505920
124.869469 -124.341324
125.213524 -125.308418
126.464218 -126.309402
127.261803 -125.696480
123.323395 -125.820786
125.456749 -125.744431
124.609390 -124.519592
126.259407 -126.363350
124.662094 -125.902931
125.237968 -125.090057
123.841492 -126.112930
125.116112 -126.593353
124.171288 -125.026428
126.740570 -123.821526
124.395821 -125.277626
127.453072 -126.532486
124.489677 -124.391670
126.083862 -124.280029
123.527130 -123.993027
125.313271 -125.621826
123.502052 -125.111862
124.735588 -122.560104
126.376160 -125.106194
123.826241 -124.490974
124.884560 -125.647705
124.835930 -123.963799
125.250481 -124.416611
125.723137 -125.941940
123.865501 -124.718834
124.478027 -126.100357
124.462967 -125.336777
124.178696 -126.181541
125.060112 -122.741119
125.662445 -123.783569
124.016190 -124.716454
125.455246 -126.227768
125.809181 -124.834587
124.867226 -124.282059
124.593834 -123.759720
126.597580 -125.452583
124.580627 -122.923027
126.601906 -125.271400
125.503082 -123.477394
125.959145 -125.298904
122.896606 -124.138702
123.226105 -124.737396
122.880547 -123.456070
-124.699814 124.758293
-125.161774 121.880630
-124.227821 123.397171
-125.058319 125.164864
-125.834709 125.083626
-125.125725 125.424088
-125.230034 124.358650
-124.896965 125.902794
-125.524940 125.027382
-124.642883 125.288223
-125.040321 124.869133
-124.406952 125.329155
-124.745949 125.595779
-125.221397 126.289902
-126.119766 124.944809
-124.634201 125.633194
-125.882774 124.598732
-125.447006 124.201859
-124.579002 124.788177
-123.910713 123.373383
-125.243767 124.439117
-123.711105 124.948074
-124.989616 124.861603
-125.914879 126.030861
-125.838135 122.806358
-124.696091 124.332497
-124.890732 126.209328
-126.543083 125.481316
-125.977760 123.593346
-125.268524 125.003693
-124.223854 127.535011
-126.418350 125.218765
-124.741966 124.964401
-122.582138 124.900162
-126.281364 124.805321
-126.918404 124.124969
-124.965836 124.155907
-126.331604 123.524948
-126.146553 125.474373
-123.730202 124.463570
-123.476105 125.819115
-125.244850 123.819519
-125.965256 125.623215
-125.081490 125.010536
-124.012329 125.908760
-125.519081 124.529961
-126.664581 124.569939
-124.188156 125.108025
-125.328552 126.086723
-125.819580 125.476006
-124.075081 125.047928
-125.591171 123.888756
-125.344330 126.078026
-124.394119 123.421417
-124.332031 125.017433
-124.967361 124.895805
-124.074310 125.278999
-124.776550 125.046524
-125.533401 125.700302
-125.806816 125.305634
-123.186806 125.298546
-125.529198 125.542236
-126.273071 125.796898
-124.069641 126.415993
-124.571693 125.120735
-124.911736 125.235352
-123.983269 125.331802
-125.058037 125.942192
-124.728691 127.050041
-126.223503 124.298805
-124.587204 124.552002
-122.736015 125.192993
-125.867538 123.392296
-124.393707 124.000206
-124.582336 124.462524
-123.540428 125.186317
-126.373238 124.424751
-123.230904 125.166229
-124.313438 124.800644
-125.003082 124.059998
-124.527367 125.330681
-125.997749 127.087784
-124.459053 123.939781
-124.198952 126.548737
-122.748665 126.832497
-125.070999 124.925606
-124.665192 122.639847
-124.558784 125.164909
-125.140099 124.087616
-124.199677 126.915916
-123.308395 123.234062
-125.472092 125.198105
-125.791100 124.376587
-127.089798 125.429787
-124.117416 123.066978
-125.472488 124.251266
-124.536095 123.781006
-124.883720 126.768341
-124.223442 125.183372
-125.849030 124.734886
125.040283 124.002014
126.406052 125.220131
124.899178 125.415016
124.578453 123.600807
125.491577 126.973488
126.073578 122.621300
127.529854 127.309868
125.224861 124.415504
123.216057 124.574402
126.855141 124.603821
123.096161 124.117989
124.826096 123.250420
127.108467 123.466423
122.878456 125.977272
125.791313 124.901611
123.201736 124.874161
126.396561 124.626755
126.647125 123.326050
125.480942 125.036369
125.459969 125.977249
125.382591 124.566833
126.492722 125.065475
125.886139 125.724518
126.030869 126.386703
125.532440 125.041084
126.585556 123.835091
124.316574 126.503578
124.338638 124.220627
124.284828 124.560875
125.218559 126.829529
124.991829 124.642082
123.754776 125.402672
124.809792 126.135994
124.762787 124.231903
124.662689 125.016800
126.004250 124.503761
123.896004 123.993240
123.868401 125.860176
126.725273 125.994812
124.369781 123.965446
124.627151 124.153412
124.954811 125.233879
125.957565 125.253540
124.026337 123.810081
123.927315 126.249161
125.990891 125.582031
124.702316 125.511017
124.660973 126.113571
124.134636 123.855804
124.390205 125.745750
124.035316 125.452744
124.188309 123.715057
125.684471 125.474319
123.236282 125.852448
126.132942 123.608047
124.162308 124.306862
124.318848 125.017006
125.230766 125.348145
123.292641 122.897163
125.250061 126.366875
124.372124 127.202553
125.522614 125.943512
122.700119 124.038223
123.908791 124.141830
125.551857 125.267159
125.404655 125.035583
124.881119 126.159927
126.439598 125.278061
125.438087 124.126015
126.743782 124.970169
125.527657 122.653999
123.752747 123.860802
125.531700 125.495079
126.747238 126.625313
125.393410 126.383194
126.275185 123.642578
125.575836 124.763329
125.171318 125.684456
125.065086 125.081558
124.949776 125.897606
126.767754 123.547432
126.201965 125.309875
125.174370 125.522911
126.463806 125.558929
125.714821 125.777618
123.788696 126.606934
125.265945 123.334068
126.896301 123.081367
124.130814 124.502655
125.672600 126.302628
124.585899 123.261917
125.690903 124.288300
124.781975 125.220680
125.231438 124.197601
126.414162 125.722031
122.801735 122.964958
124.854164 124.220612
123.344940 124.235611
125.761116 126.171921
124.580070 126.967384
