400
2
-123.450630 -124.316849
-125.790817 -122.188538
-125.376205 -128.060593
-123.296432 -124.865822
-125.075638 -125.264946
-126.459572 -125.296112
-126.836876 -125.525826
-125.463737 -125.000221
-124.835197 -123.866188
-125.658340 -125.792000
-123.469147 -123.476006
-126.429207 -125.616486
-126.727280 -124.341454
-124.315025 -120.871468
-123.752441 -127.889023
-125.943672 -123.294052
-125.596313 -127.352997
-124.348450 -123.935280
-128.085007 -129.431717
-125.811020 -124.548927
-122.925674 -123.984093
-126.407784 -122.388687
-125.978287 -125.079353
-124.528854 -128.840836
-125.599709 -125.344566
-124.633743 -124.035759
-124.213043 -123.550766
-124.450302 -122.964798
-124.625710 -124.677200
-124.297417 -125.429405
-125.599129 -124.866463
-124.610252 -126.092949
-126.862823 -121.846321
-126.409737 -127.808830
-125.697670 -121.463219
-124.908806 -127.720139
-124.953896 -125.711388
-125.887619 -125.954033
-124.286438 -126.257111
-124.846321 -127.510101
-124.789238 -125.619484
-124.006531 -125.867065
-124.490578 -125.062050
-124.019577 -121.337730
-126.061897 -124.377266
-124.806770 -126.631416
-124.575073 -126.026215
-123.712799 -125.433701
-126.130692 -127.653450
-124.344360 -125.778580
-123.966507 -128.688934
-126.132797 -128.146957
-123.947083 -126.507668
-126.236115 -125.220398
-124.336456 -122.985199
-125.472206 -126.500702
-123.511314 -121.404984
-124.287117 -125.333138
-125.113197 -123.333275
-124.222404 -123.952332
-124.029922 -124.812111
-124.102943 -126.793243
-126.272987 -127.346664
-124.828201 -128.665466
-124.361824 -125.503151
-125.040276 -125.445000
-125.456490 -125.351051
-123.915024 -125.392685
-126.774979 -122.058792
-125.617523 -124.290344
-123.860962 -121.088554
-125.111908 -124.414825
-124.801361 -123.696274
-124.920235 -127.295494
-124.353661 -126.731026
-126.557724 -124.698120
-126.885971 -127.774452
-124.139450 -124.674614
-124.207138 -126.958565
-124.051971 -126.096062
-125.777435 -128.676834
-124.118790 -122.173843
-124.494560 -125.036156
-124.857956 -121.894073
-124.045029 -123.737991
-123.748116 -121.535248
-125.306381 -125.128708
-125.235733 -124.232880
-126.263229 -125.952721
-125.642159 -124.021530
-125.246529 -120.634163
-124.622719 -126.037735
-125.550301 -128.592575
-125.310516 -125.213913
-123.954468 -123.833420
-124.815193 -125.951202
-125.430717 -123.739220
-124.287025 -125.651115
-125.743217 -126.432846
-125.750145 -127.455215
124.142433 -123.128891
123.809868 -128.890381
123.245728 -124.948677
126.008301 -124.954292
124.135941 -125.112122
126.527863 -125.595238
125.676346 -125.278793
124.360680 -124.695663
125.092888 -127.446991
124.959007 -128.986633
125.541367 -125.639107
124.521790 -122.712433
125.785736 -126.197906
124.567101 -127.236053
127.266830 -124.430244
123.957565 -126.485283
125.848099 -122.594414
126.053139 -125.538887
125.782043 -121.704529
125.335358 -123.807495
124.054001 -122.516281
125.342751 -125.612976
125.634369 -123.181671
124.568329 -126.392349
124.073204 -121.013779
126.151421 -120.931824
124.661636 -123.022079
125.583923 -120.226166
126.218781 -128.526855
125.880104 -125.492104
125.949654 -125.111755
126.419289 -125.684761
124.822968 -126.810295
124.806892 -127.904556
124.654030 -124.669144
124.208313 -121.167358
124.860168 -127.272514
124.547905 -123.961441
126.803947 -125.292686
123.236771 -125.736771
124.322151 -126.175797
124.642227 -122.398758
124.139046 -124.989792
126.405952 -128.878799
125.205811 -128.012344
125.689575 -122.327904
124.372345 -123.408104
124.689964 -124.892921
124.986343 -127.819412
125.239433 -123.955704
123.619156 -127.255257
124.526115 -123.951134
126.728859 -123.126801
125.469040 -127.225471
122.994820 -123.011124
125.397865 -126.952736
124.591034 -124.133728
125.754463 -121.649582
124.143745 -119.649422
124.918907 -122.545288
123.589844 -122.677734
123.851311 -124.114021
122.727463 -124.119820
126.203865 -125.222755
124.791161 -124.809113
125.965897 -125.633095
124.860359 -126.960472
126.329109 -122.895493
124.954002 -128.668686
125.516800 -124.235649
125.803307 -122.078636
125.324821 -124.993378
125.284637 -126.780327
123.802330 -127.269508
123.224083 -124.416527
124.908409 -126.457962
124.992348 -126.823219
124.359833 -123.879059
122.799591 -129.647644
124.399574 -128.634964
125.709274 -124.281784
126.066650 -123.565277
123.483337 -125.897911
126.107536 -124.008270
126.280624 -125.679436
125.919838 -127.707657
125.519424 -129.226990
125.273933 -126.957230
126.038757 -123.933647
126.837334 -125.889061
124.449593 -126.523392
124.991508 -126.768784
124.954514 -125.253120
124.700951 -125.182159
124.471809 -127.200630
125.632820 -124.011940
123.472786 -127.711861
125.242111 -124.950485
126.608826 -125.081505
124.329613 -127.679375
-125.241470 122.807655
-125.820129 121.777420
-124.533562 127.438393
-124.345551 125.117043
-126.161270 125.369675
-124.730820 124.923088
-125.353432 121.285362
-123.769630 127.521393
-125.323143 126.300293
-124.096909 125.367271
-124.710991 125.278534
-126.442322 124.720398
-125.707550 127.046478
-124.617691 124.835419
-124.383148 125.193863
-125.597778 126.966309
-126.210449 126.995438
-125.316208 128.520309
-122.443893 124.552780
-127.541313 126.351250
-124.625893 128.295303
-123.976242 122.675957
-123.834068 124.541763
-125.846642 125.809937
-124.216019 125.802414
-124.809143 125.125809
-124.804108 123.455048
-125.046875 124.764091
-125.816185 128.507431
-124.980415 122.655197
-124.632492 126.293327
-124.931992 121.962288
-124.003578 125.388931
-126.724213 128.409637
-124.309799 125.925751
-125.147369 124.173958
-125.136742 124.133240
-124.207939 121.572472
-125.526085 125.870308
-125.456017 126.331009
-124.947052 122.787682
-125.431969 125.916214
-126.688820 125.156883
-123.565788 127.044014
-126.620590 123.843445
-124.357109 124.459648
-123.621597 122.483604
-127.795464 124.262115
-124.752754 125.097488
-125.317101 127.401436
-125.158272 125.011261
-124.824112 126.561821
-125.166969 123.317825
-126.300644 123.519470
-125.437668 127.651588
-125.156052 124.969193
-126.268677 127.391937
-125.989311 122.887390
-125.275909 124.354164
-123.388130 126.513702
-123.823494 125.018799
-124.598228 124.371941
-123.814812 125.343193
-125.392593 127.081787
-123.245888 125.232430
-125.122292 124.041527
-126.028610 122.027786
-126.078865 122.530685
-124.027023 123.720428
-124.089035 121.079185
-126.212616 122.599716
-125.139877 123.622475
-124.306404 123.297302
-125.067688 125.506699
-126.593109 123.223022
-124.801926 121.358788
-123.965866 124.035622
-125.240303 124.275681
-122.972847 128.530472
-126.525047 122.484360
-125.913460 128.799591
-125.839958 128.261948
-124.322403 127.594910
-125.722603 124.139709
-123.946495 126.592339
-125.841560 126.310745
-124.375183 124.367577
-126.110382 125.209541
-125.264656 127.454025
-126.313728 122.871712
-125.981285 124.766708
-124.307014 126.322296
-125.502159 123.853233
-125.116295 124.697670
-127.809219 128.338135
-125.574066 123.991966
-125.800568 124.464798
-123.608177 128.007660
-125.698853 122.878937
-126.702690 121.049744
124.940369 124.860710
126.179665 125.470901
125.199982 123.982239
123.282402 126.372833
123.679688 126.884079
125.623199 125.741135
126.107574 125.316666
124.502991 123.319427
125.618607 122.565361
123.537216 128.012543
124.557686 121.027580
124.363075 125.508316
126.020813 127.129143
124.266113 125.889046
123.988899 123.622795
125.367805 125.982780
124.980309 122.555168
124.112091 127.530136
123.682724 126.687073
125.893997 125.118431
125.142326 121.875610
125.052559 122.242722
125.522888 123.805603
126.036896 127.032715
124.978577 125.199249
125.804375 124.635254
123.918762 128.527039
126.293053 120.468674
126.310944 125.859169
126.695900 124.633698
124.307137 124.258148
125.465202 127.062347
123.663589 126.143845
123.983810 123.755630
124.519096 127.213318
124.727936 128.789368
125.627228 124.193565
125.211861 128.498215
123.373604 126.138260
124.737823 128.175079
126.314758 127.881088
124.616486 125.124664
125.455292 123.949631
124.834976 122.791313
125.868904 127.465118
124.574448 125.628761
124.112617 124.990776
125.589226 126.384933
126.275787 124.156281
125.377747 126.674202
124.924492 128.943008
125.292000 127.473763
125.516121 123.157555
124.602287 125.143188
124.887810 126.974007
125.088913 126.135887
126.130249 124.968460
124.197495 120.312592
126.206238 126.912125
125.045593 126.003853
125.517929 127.180809
126.073738 127.777878
123.060280 124.730675
125.544624 123.146072
123.498100 124.437584
123.861153 125.824425
123.991615 122.462944
124.451767 125.412384
126.003372 125.852173
124.501587 122.010872
125.986732 127.969193
125.789055 123.689705
125.199821 122.925507
125.541321 126.382629
123.321648 122.494919
124.128304 123.524582
124.538422 120.837242
123.221291 121.458549
127.290443 123.462616
125.043579 124.198532
124.683662 127.399216
124.474510 123.626190
124.803780 123.109787
124.220184 127.009506
123.900421 126.075089
123.176003 125.385948
126.152863 128.124069
125.751518 121.799370
123.368523 124.502090
124.628517 126.793419
125.998108 129.150223
125.358734 126.020966
124.523300 126.514999
126.039536 122.629745
124.142380 126.056580
124.670242 126.185570
124.588799 124.808098
125.946655 128.507492
123.602005 125.482956
123.651108 124.464859
